0.0520659 0 1000
0.1201209 0 1000
0.17916 0 1000
0.2432014 0 1000
0.2972549 0 1000
0.3512772 0 1000
0.4053218 0 1000
0.4863747 0 1000
0.538409 0 1000
0.5904459 0 1000
0.6424829 0 1000
0.6945207 0 1000
0.7485872 0 1000
0.811658 0 1000
0.8647008 0 1000
0.9177342 0 1000
0.9717779 0 1000
1.0398222 0 1000
1.1399214 0 1000
1.2429649 0 1000
1.3220217 0 1000
1.3770619 0 1000
1.4311011 0 1000
1.5161586 0 1000
1.5691956 0 1000
1.6222361 0 1000
1.7133024 0 1000
1.766338 0 1000
1.8193732 0 1000
1.8724106 0 1000
1.9404594 0 1000
1.9934986 0 1000
2.059545 0 1000
2.1285987 0 1000
2.1816331 0 1000
2.2496827 0 1000
2.3097227 0 1000
2.3627632 0 1000
2.4228032 0 1000
2.4778554 0 1000
2.5338876 0 1000
2.5959263 0 1000
2.6660028 0 1000
2.7480338 0 1000
2.8020775 0 1000
2.8751305 0 1000
2.9291675 0 1000
2.9902053 0 1000
3.043245 0 1000
3.1062908 0 1000
3.1593256 0 1000
3.2223706 0 1000
3.2744062 0 1000
3.3274449 0 1000
3.3844852 0 1000
3.4615401 0 1000
3.5375937 0 1000
3.6006382 0 1000
3.6546766 0 1000
3.7087448 0 1000
3.7627537 0 1000
3.8197945 0 1000
3.8748338 0 1000
3.9568983 0 1000
4.0249408 0 1000
4.1039971 0 1000
4.1941052 0 1000
4.2481436 0 1000
4.3021869 0 1000
4.3582485 0 1000
4.4202662 0 1000
4.4843171 0 1000
4.5934335 0 1000
4.647471 0 1000
4.7035112 0 1000
4.7565701 0 1000
4.8155895 0 1000
4.8686273 0 1000
4.922667 0 1000
4.9747031 0 1000
5.0277597 0 1000
5.0807797 0 1000
5.1338337 0 1000
5.1948612 0 1000
5.2787798 0 1000
5.3328695 0 1000
5.3858891 0 1000
5.4389238 0 1000
5.4919635 0 1000
5.545 0 1000
5.6060427 0 1000
5.6580788 0 1000
5.7101162 0 1000
5.7641545 0 1000
5.8161919 0 1000
5.8732349 0 1000
5.9252713 0 1000
5.9793392 0 1000
6.108435 1567 -567
6.2004937 1567 -567
6.2585559 1567 -567
6.3115706 1567 -567
6.3746209 1567 -567
6.4276588 1567 -567
6.4816913 1567 -567
6.5517415 1567 -567
6.6057839 1567 -567
6.6638251 1567 -567
6.7198604 1564 -564
6.7809044 1564 -564
6.8329409 1564 -564
6.8859788 1564 -564
6.9400555 1564 -564
7.0361215 1564 -564
7.0901849 1564 -564
7.1441982 1564 -564
7.259281 1564 -564
7.32035 1564 -564
7.4093858 1555 -555
7.4624268 1555 -555
7.5174893 1555 -555
7.5735304 1555 -555
7.664594 1555 -555
7.7186279 1555 -555
7.7726654 1562 -562
7.8547241 1562 -562
7.9117648 1562 -562
8.0188401 1562 -562
8.0729048 1562 -562
8.1259463 1562 -562
8.183016 1562 -562
8.2721044 1558 -558
8.3331257 1558 -558
8.4452003 1558 -558
8.4992405 1558 -558
8.5532784 1558 -558
8.6393364 1558 -558
8.7083856 1558 -558
8.822488 1417 -417
8.8775273 1417 -417
8.9335457 1417 -417
8.9906136 1417 -417
9.1056679 1417 -417
9.2097418 1417 -417
9.3388332 1417 -417
9.4659241 1164 -164
9.5649969 1164 -164
9.6370654 1164 -164
9.7030918 1164 -164
9.7641371 1164 -164
9.8311823 1164 -164
9.9102395 1021 -21
9.9642796 1021 -21
10.0713528 1021 -21
10.1233893 1021 -21
10.1774285 1021 -21
10.2734985 854 146
10.3295575 854 146
10.383578 854 146
10.4676368 854 146
10.5216934 854 146
10.5757113 854 146
10.6407594 854 146
10.695801 854 146
10.7478326 854 146
10.8018709 857 143
10.8559097 857 143
10.9079458 857 143
10.9609837 857 143
11.0260305 857 143
11.078067 857 143
11.131104 857 143
11.1841428 857 143
11.2431849 857 143
11.2962219 857 143
11.3482579 858 142
11.4002953 858 142
11.4523323 858 142
11.5043692 858 142
11.5564066 858 142
11.6154492 858 142
11.6695228 858 142
11.7225865 858 142
11.7756249 857 143
11.8446754 857 143
11.9087231 857 143
11.9707663 857 143
12.0418179 857 143
12.1008573 857 143
12.1568962 857 143
12.2130034 857 143
12.328084 858 142
12.387127 858 142
12.4411908 858 142
12.4962296 858 142
12.5502684 858 142
12.6043073 858 142
12.6853641 858 142
12.7474068 862 138
12.8034444 862 138
12.9175267 862 138
12.9745741 862 138
13.0526228 862 138
13.109664 862 138
13.1677083 862 138
13.224745 862 138
13.351835 864 136
13.4168806 864 136
13.506944 864 136
13.5609833 864 136
13.6280356 864 136
13.7141003 864 136
13.7701396 864 136
13.8822388 865 135
13.9412805 865 135
13.998294 865 135
14.0533364 865 135
14.107373 865 135
14.1704189 865 135
14.22746 865 135
14.3215223 861 139
14.3755835 861 139
14.4326304 861 139
14.5506861 861 139
14.6127306 861 139
14.6737742 861 139
14.7868614 861 139
14.8979382 867 133
14.9559741 867 133
15.0360314 867 133
15.0920814 867 133
15.1521133 867 133
15.2131564 867 133
15.3252623 867 133
15.4563346 864 136
15.5264562 864 136
15.5834996 864 136
15.6765628 864 136
15.7376354 864 136
15.8306713 859 141
15.8967177 859 141
15.9507552 859 141
16.0037931 859 141
16.05583 859 141
16.1088706 859 141
16.161908 859 141
16.2169513 859 141
16.3450374 859 141
16.4010762 859 141
16.4591692 859 141
16.5882535 862 138
16.6853231 862 138
16.763378 862 138
16.8244676 862 138
16.9135364 862 138
17.0146017 862 138
17.0686418 862 138
17.1236958 862 138
17.1807298 862 138
17.267787 862 138
17.3238263 862 138
17.3818622 862 138
17.4389082 862 138
17.5249644 862 138
17.5830052 862 138
17.6360431 862 138
17.6940878 862 138
17.7531799 862 138
17.8762466 867 133
17.9323127 867 133
18.0013374 867 133
18.0994949 867 133
18.1555329 867 133
18.2105758 867 133
18.2746177 867 133
18.3656857 859 141
18.4207259 859 141
18.4757687 859 141
18.5298031 859 141
18.5968487 859 141
18.6518853 859 141
18.7059469 859 141
18.7679686 859 141
18.8660659 859 141
18.9270822 859 141
18.9861382 859 141
19.0421691 859 141
19.129232 859 141
19.2132845 859 141
19.2673247 859 141
19.3223648 859 141
19.3924449 859 141
19.4504915 859 141
19.5085273 859 141
