0.0100001 -0.00364685243845053 -0.00779064157076498 0 16 2 242 -2.08752300715423 -2.23361204561661
0.0300001 -0.0038979169217046 -0.00821151809943208 0 16 2 242 -2.04376150357712 -2.11680602280831
0.0600001 -0.0041562084608523 -0.00864085719021191 0 17 2 241 -1.52188075178856 -2.05840301140415
0.0700001 -0.00442014038745094 -0.00907949471080844 0 17 1 242 -1.26094037589428 -2.52920150570208
0.0800002 -0.00468891936727919 -0.00952886202482571 0 17 1 242 -1.13047018794714 -2.76460075285104
0.0900002 -0.00496214873322637 -0.00998967481406575 0 17 1 242 -1.06523509397357 -2.88230037642552
0.1000002 -0.00524064358148922 -0.0104622909194296 0 16 1 243 -1.53261754698678 -2.94115018821276
0.1100002 -0.00552582488991816 -0.0109468892613677 0 16 1 243 -1.76630877349339 -2.97057509410638
0.1200002 -0.00581941657719049 -0.0114435593001053 0 15 1 243 -2.3831543867467 -2.98528754705319
0.1300002 -0.00612228060264483 -0.0119513323360031 0 16 2 242 -2.19157719337335 -2.49264377352659
0.1400002 -0.00643383451619845 -0.0124687105894891 0 16 2 242 -2.09578859668667 -2.2463218867633
0.1500003 -0.00675378709280997 -0.0129949451707776 0 16 2 242 -2.04789429834334 -2.12316094338165
0.1600003 -0.00708097929020664 -0.0135306750647277 0 17 1 244 -1.52394714917167 -2.56158047169082
0.1700003 -0.00741483158725208 -0.0140772331935209 0 16 1 242 -1.76197357458583 -2.78079023584541
0.1800003 -0.00775606765313017 -0.014635286018248 0 16 1 242 -1.88098678729292 -2.89039511792271
0.1900003 -0.00810504932243286 -0.0152051667694546 0 16 1 242 -1.94049339364646 -2.94519755896135
0.2000003 -0.0084619575124561 -0.0157870420624133 0 16 1 244 -1.97024669682323 -2.97259877948068
0.2200004 -0.00882688268184788 -0.0163809952047604 0 16 1 244 -1.98512334841161 -2.98629938974034
0.2300004 -0.00919885663018014 -0.0169870678503141 0 17 1 244 -1.49256167420581 -2.99314969487017
0.2500004 -0.00957638182748677 -0.0176052808259835 0 17 1 244 -1.2462808371029 -2.99657484743508
0.2600004 -0.00995972293853677 -0.0182356445452232 0 16 1 243 -1.62314041855145 -2.99828742371754
0.2700004 -0.0103500257254667 -0.0188781642147603 0 16 1 242 -1.81157020927573 -2.99914371185877
0.2800004 -0.0107468496395929 -0.0195328424379587 0 17 1 242 -1.40578510463786 -2.99957185592939
0.2900005 -0.0111489609768212 -0.020198667086748 0 17 2 243 -1.20289255231893 -2.49978592796469
0.3000005 -0.0115557428851048 -0.0208741186673409 0 17 2 243 -1.10144627615947 -2.24989296398235
0.3100005 -0.0119689137979243 -0.0215594508625961 0 15 1 242 -2.05072313807973 -2.62494648199117
0.3200005 -0.01238933293202 -0.0222558039436948 0 17 1 245 -1.52536156903987 -2.81247324099559
0.3300005 -0.0128154030362579 -0.0229637480462276 0 17 1 245 -1.26268078451993 -2.90623662049779
0.3400005 -0.0132473389148232 -0.0236835682379898 0 16 1 243 -1.63134039225997 -2.9531183102489
0.3500005 -0.0136872748293124 -0.0244143936231272 0 15 2 243 -2.31567019612998 -2.47655915512445
0.3600006 -0.014136277910524 -0.0251557887537123 0 16 1 242 -2.15783509806499 -2.73827957756222
0.3700006 -0.014593868294105 -0.0259085493355339 0 16 1 242 -2.0789175490325 -2.86913978878111
0.3800006 -0.0150598060478789 -0.026673073221486 0 16 1 242 -2.03945877451625 -2.93456989439056
0.4000006 -0.0155339712057576 -0.0274495593380157 0 16 1 244 -2.01972938725812 -2.96728494719528
0.4300007 -0.0160173172144491 -0.0282370937185946 0 15 2 243 -2.50986469362906 -2.48364247359764
0.4400007 -0.0165103207973072 -0.0290352193799585 0 16 1 244 -2.25493234681453 -2.74182123679882
0.4600007 -0.0170122068862569 -0.0298437078304751 0 16 2 241 -2.12746617340727 -2.37091061839941
0.4700007 -0.0175225879472607 -0.0306614313945764 0 16 2 242 -2.06373308670363 -2.18545530919971
0.4800007 -0.0180412702132998 -0.0314878262344783 0 16 2 242 -2.03186654335182 -2.09272765459985
0.4900007 -0.0185681568008648 -0.0323236238610408 0 16 1 243 -2.01593327167591 -2.54636382729993
0.5000007 -0.019103199268201 -0.033170203459446 0 16 1 243 -2.00796663583795 -2.77318191364996
0.5100008 -0.019645359964679 -0.034028254622285 0 17 1 244 -1.50398331791898 -2.88659095682498
0.5200008 -0.0201931066352321 -0.0348971087161012 0 17 2 241 -1.25199165895949 -2.44329547841249
0.5300008 -0.0207477000118309 -0.0357764314241663 0 15 1 243 -2.12599582947974 -2.72164773920625
0.5400008 -0.021311797319965 -0.0366670690178683 0 15 1 243 -2.56299791473987 -2.86082386960312
0.5500008 -0.0218857137426271 -0.037568431203149 0 16 2 244 -2.28149895736994 -2.43041193480156
0.5600008 -0.0224685934415615 -0.0384802228329795 0 16 1 244 -2.14074947868497 -2.71520596740078
0.5700008 -0.0230600084976403 -0.0394033097635972 0 16 1 244 -2.07037473934248 -2.85760298370039
0.5800009 -0.0236597449512995 -0.0403381249231209 0 16 1 242 -2.03518736967124 -2.9288014918502
0.6000009 -0.0242666823930051 -0.0412848847756101 0 17 1 243 -1.51759368483562 -2.9644007459251
0.6300009 -0.024878233758486 -0.0422436975530943 0 18 1 243 -0.758796842417811 -2.98220037296255
0.6400009 -0.0254931055156066 -0.0432146173715885 0 17 1 243 -0.879398421208905 -2.99110018648127
0.670001 -0.0261116643280513 -0.0441976712891 0 17 1 243 -0.939699210604453 -2.99555009324064
0.680001 -0.0267361203871661 -0.0451928728346327 0 15 1 242 -1.96984960530223 -2.99777504662032
0.690001 -0.0273696056481285 -0.0462002287726883 0 15 1 242 -2.48492480265111 -2.99888752331016
0.700001 -0.0280136860885271 -0.0472187290557656 0 15 2 243 -2.74246240132556 -2.49944376165508
0.710001 -0.0286691446971561 -0.0482468552303622 0 15 2 243 -2.87123120066278 -2.24972188082754
0.7200011 -0.0293363729684128 -0.0492838480697265 0 15 2 243 -2.93561560033139 -2.12486094041377
0.7300011 -0.0300145532197436 -0.0503293279604831 0 16 2 242 -2.46780780016569 -2.06243047020689
0.7400011 -0.0307032766098718 -0.0513831050959441 0 15 2 241 -2.73390390008285 -2.03121523510344
0.7500011 -0.0314033521479111 -0.0524450845727654 0 15 2 241 -2.86695195004142 -2.01560761755172
0.7600011 -0.0321141709086663 -0.0535152189392753 0 16 2 245 -2.43347597502071 -2.00780380877586
0.7700011 -0.0328344149997877 -0.0545934844696376 0 16 2 245 -2.21673798751036 -2.00390190438793
0.7800011 -0.0335634254751005 -0.0556798693009345 0 16 2 245 -2.10836899375518 -2.00195095219397
0.7900012 -0.0343018862912692 -0.0567743675017069 0 15 2 243 -2.55418449687759 -2.00097547609698
0.8000012 -0.0350511528563784 -0.0578779895359774 0 15 1 242 -2.77709224843879 -2.50048773804849
0.8100012 -0.0358108894447181 -0.0589912406357573 0 16 2 244 -2.3885461242194 -2.25024386902425
0.8200012 -0.0365799147636814 -0.0601133599873002 0 16 2 244 -2.1942730621097 -2.12512193451212
0.8300012 -0.0373576381669647 -0.0612449806134848 0 16 1 242 -2.09713653105485 -2.56256096725606
0.8400012 -0.0381437643314162 -0.0623874324555027 0 16 1 242 -2.04856826552742 -2.78128048362803
0.8500012 -0.0389381455954602 -0.0635413804839497 0 16 1 242 -2.02428413276371 -2.89064024181402
0.8800013 -0.0397396946985565 -0.0647061437543716 0 17 2 244 -1.51214206638186 -2.44532012090701
0.8900013 -0.0405478680104353 -0.0658813817945412 0 16 1 242 -1.75607103319093 -2.7226600604535
0.9000013 -0.0413634071457135 -0.067067937798097 0 16 1 242 -1.87803551659546 -2.86133003022675
0.9100013 -0.0421866829116997 -0.0682662333618584 0 16 1 242 -1.93901775829773 -2.93066501511338
0.9200013 -0.0430178807120482 -0.069476479284235 0 16 1 242 -1.96950887914887 -2.96533250755669
0.9300014 -0.0438581066783382 -0.0706987809644316 0 15 1 243 -2.48475443957443 -2.98266625377834
0.9400014 -0.0447089273061112 -0.0719331911020505 0 15 1 243 -2.74237721978722 -2.99133312688917
0.9500014 -0.0455711258431383 -0.073179736046893 0 15 1 243 -2.87118860989361 -2.99566656344459
0.9600014 -0.0464440804835526 -0.0744384289738597 0 16 1 242 -2.4355943049468 -2.99783328172229
0.9900014 -0.0473264668946689 -0.0757092764704009 0 16 1 242 -2.2177971524734 -2.99891664086115
1.0100015 -0.0482186363398964 -0.0769922818302418 0 15 1 242 -2.6088985762367 -2.99945832043057
1.0200015 -0.0491197510211879 -0.0782864332704928 0 17 2 242 -1.80444928811835 -2.49972916021529
1.0300015 -0.0500283786097675 -0.0795902114699572 0 16 2 244 -1.90222464405918 -2.24986458010764
1.0400015 -0.0509448163709995 -0.0809028567680364 0 16 2 244 -1.95111232202959 -2.12493229005382
1.0500015 -0.0518692129375658 -0.0822239893344315 0 16 2 244 -1.97555616101479 -2.06246614502691
1.0800016 -0.0528016426258077 -0.0835534192539926 0 16 2 244 -1.9877780805074 -2.03123307251346
1.0900016 -0.0537411291641435 -0.0848920649988971 0 17 1 242 -1.4938890402537 -2.51561653625673
1.1000016 -0.0546861709870304 -0.0862413992349858 0 17 1 242 -1.24694452012685 -2.75780826812836
1.1100016 -0.055636017311697 -0.0876021582951788 0 17 1 242 -1.12347226006342 -2.87890413406418
1.1200016 -0.0565902927467576 -0.0889747103459365 0 17 1 242 -1.06173613003171 -2.93945206703209
1.1300016 -0.0575488095965193 -0.0903592394704889 0 17 1 242 -1.03086806501586 -2.96972603351605
1.1500017 -0.0585124874428877 -0.0917558377104511 0 16 1 243 -1.51543403250793 -2.98486301675802
1.1600017 -0.0594827995065678 -0.0931645510866305 0 16 1 243 -1.75771701625396 -2.99243150837901
1.1700017 -0.060460482397912 -0.094585402609431 0 16 1 243 -1.87885850812698 -2.99621575418951
1.1800017 -0.0614459044220965 -0.0960184037840543 0 16 1 243 -1.93942925406349 -2.99810787709475
1.2100017 -0.0624392497317094 -0.0974635603631016 0 16 1 243 -1.96971462703175 -2.99905393854738
1.2300018 -0.0634406104030448 -0.098919861793121 0 16 2 243 -1.98485731351587 -2.49952696927369
1.2700018 -0.0644510459040017 -0.100386802797387 0 15 1 244 -2.49242865675794 -2.74976348463684
1.3000019 -0.0654700725387777 -0.101864130737536 0 17 2 241 -1.74621432837897 -2.37488174231842
1.3100019 -0.0664964350297194 -0.103350705864636 0 16 2 242 -1.87310716418948 -2.18744087115921
1.3200019 -0.0675305191677523 -0.104845958304219 0 16 2 242 -1.93655358209474 -2.09372043557961
1.3300019 -0.068572517848339 -0.106349603119052 0 16 2 242 -1.96827679104737 -2.0468602177898
1.3400019 -0.0696225275192108 -0.10786251127027 0 16 1 242 -1.98413839552369 -2.5234301088949
1.3500019 -0.0706805964042335 -0.109386131668193 0 16 1 242 -1.99206919776184 -2.76171505444745
1.360002 -0.0717467486153399 -0.110921188767981 0 16 1 242 -1.99603459888092 -2.88085752722373
1.370002 -0.0728209962084964 -0.112467031367461 0 16 2 242 -1.99801729944046 -2.44042876361186
1.380002 -0.0739033452116862 -0.114023333865549 0 16 1 243 -1.99900864972023 -2.72021438180593
1.420002 -0.0749927852091489 -0.1155899334617 0 17 2 241 -1.49950432486012 -2.36010719090297
1.4300021 -0.0760877975632521 -0.117165735325891 0 17 2 243 -1.24975216243006 -2.18005359545148
1.4400021 -0.0771876229551798 -0.118751205472863 0 17 1 243 -1.12487608121503 -2.59002679772574
1.4600021 -0.0782918817255238 -0.120347590339737 0 17 1 243 -1.06243804060751 -2.79501339886287
1.4900021 -0.0794024109040842 -0.121954499715323 0 15 2 240 -2.03121902030376 -2.39750669943144
1.5000021 -0.0805211424355132 -0.123570725064273 0 16 2 243 -2.01560951015188 -2.19875334971572
1.5100022 -0.0816480288623847 -0.125195662118913 0 16 2 243 -2.00780475507594 -2.09937667485786
1.5200022 -0.0827820330262337 -0.126829008745407 0 17 2 243 -1.50390237753797 -2.04968833742893
1.5300022 -0.0839226363478276 -0.128471627306588 0 16 1 242 -1.75195118876898 -2.52484416871446
1.5400022 -0.0850705929673022 -0.130124962413625 0 16 1 242 -1.87597559438449 -2.76242208435723
1.5600022 -0.0862262799547255 -0.131789736372102 0 16 1 242 -1.93798779719225 -2.88121104217862
1.5700022 -0.0873888724153793 -0.133466310334811 0 17 1 242 -1.46899389859612 -2.94060552108931
1.5800023 -0.0885569444721525 -0.135154864878149 0 17 1 242 -1.23449694929806 -2.97030276054465
1.5900023 -0.0897297831864895 -0.136855490290314 0 17 1 242 -1.11724847464903 -2.98515138027233
1.6000023 -0.0909070320891125 -0.138568231715405 0 17 1 242 -1.05862423732452 -2.99257569013616
1.6100023 -0.0920895263751348 -0.140292098295719 0 16 2 242 -1.52931211866226 -2.49628784506808
1.6200023 -0.0932786970718649 -0.142026594602405 0 16 1 243 -1.76465605933113 -2.74814392253404
1.6400023 -0.0944752596929573 -0.143772486350789 0 16 1 242 -1.88232802966556 -2.87407196126702
1.6500024 -0.095679571995239 -0.145530156398535 0 16 1 242 -1.94116401483278 -2.93703598063351
1.6600024 -0.0968907994273716 -0.147299796174474 0 17 1 243 -1.47058200741639 -2.96851799031676
1.6900024 -0.0981075112839337 -0.149081501393022 0 17 1 243 -1.2352910037082 -2.98425899515838
1.7000024 -0.0993300056419669 -0.150875319911387 0 16 1 244 -1.6176455018541 -2.99212949757919
1.7100024 -0.10055741811024 -0.152680262228421 0 18 2 241 -0.808822750927049 -2.49606474878959
1.7200025 -0.101789316493136 -0.154495833593549 0 16 1 244 -1.40441137546352 -2.7480323743948
1.7300025 -0.103027511552353 -0.156321786631485 0 16 2 243 -1.70220568773176 -2.3740161871974
1.7400025 -0.104272908668739 -0.158156984224834 0 16 2 243 -1.85110284386588 -2.1870080935987
1.7500025 -0.105525960532716 -0.160000857814896 0 16 2 243 -1.92555142193294 -2.09350404679935
1.7600025 -0.106786893489499 -0.161853123122324 0 16 2 243 -1.96277571096647 -2.04675202339967
1.7700025 -0.108055820711692 -0.163714651437195 0 16 1 243 -1.98138785548324 -2.52337601169984
1.7900026 -0.109332798785598 -0.1655868918343 0 16 1 243 -1.99069392774162 -2.76168800584992
1.8000026 -0.110617856004369 -0.167469555421282 0 16 2 243 -1.99534696387081 -2.38084400292496
1.8100026 -0.111911006514581 -0.169361484322211 0 16 2 243 -1.9976734819354 -2.19042200146248
1.8300026 -0.113212257389522 -0.171262099599122 0 16 2 243 -1.9988367409677 -2.09521100073124
1.8400026 -0.114520598736083 -0.173171111783032 0 17 2 243 -1.49941837048385 -2.04760550036562
1.8500026 -0.115834512177959 -0.17508837613945 0 17 2 243 -1.24970918524193 -2.02380275018281
1.8600027 -0.117153238526996 -0.17701382030113 0 17 2 243 -1.12485459262096 -2.01190137509141
1.9000027 -0.118476398189118 -0.178947408084449 0 17 2 243 -1.06242729631048 -2.0059506875457
1.9100027 -0.119804814797038 -0.180890134827349 0 16 1 243 -1.53121364815524 -2.50297534377285
1.9200027 -0.121139913596866 -0.18284351162855 0 16 1 243 -1.76560682407762 -2.75148767188643
1.9300028 -0.122482407211656 -0.184807280607664 0 16 2 242 -1.88280341203881 -2.37574383594321
1.9400028 -0.123832651952936 -0.186781312824493 0 16 1 242 -1.94140170601941 -2.68787191797161
1.9500028 -0.125190825976468 -0.188766557238693 0 16 1 242 -1.9707008530097 -2.8439359589858
1.9600028 -0.126557018360135 -0.19076348833009 0 16 1 242 -1.98535042650485 -2.9219679794929
1.9700028 -0.127931273642877 -0.192772343338599 0 16 1 242 -1.99267521325243 -2.96098398974645
1.9800028 -0.129313614094166 -0.194793240884175 0 16 1 241 -1.99633760662621 -2.98049199487323
1.9900028 -0.130704050848736 -0.196826240276798 0 16 1 241 -1.99816880331311 -2.99024599743661
2.0100029 -0.132102589473955 -0.198871371171457 0 16 1 241 -1.99908440165655 -2.99512299871831
2.0300029 -0.133510246183258 -0.200927634965894 0 15 2 242 -2.49954220082828 -2.49756149935915
2.0400029 -0.134927529083365 -0.20299453235898 0 16 1 243 -2.24977110041414 -2.74878074967958
2.0500029 -0.136353678797881 -0.205072827129903 0 16 1 243 -2.12488555020707 -2.87439037483979
2.0600029 -0.13778831563861 -0.207162901168257 0 16 1 243 -2.06244277510353 -2.93719518741989
2.090003 -0.139231249761454 -0.209264945418839 0 16 1 243 -2.03122138755177 -2.96859759370995
2.100003 -0.140682386244363 -0.211379055354048 0 16 1 243 -2.01561069377588 -2.98429879685497
2.110003 -0.142141677626314 -0.213505278710082 0 16 1 243 -2.00780534688794 -2.99214939842749
2.120003 -0.143609100176793 -0.215643639355041 0 16 1 243 -2.00390267344397 -2.99607469921374
2.130003 -0.145084642030545 -0.217794149222975 0 16 1 243 -2.00195133672199 -2.99803734960687
2.140003 -0.146569310684694 -0.219956814280909 0 15 1 244 -2.50097566836099 -2.99901867480344
2.1500031 -0.148063609887802 -0.222130624082603 0 16 2 244 -2.2504878341805 -2.49950933740172
2.1600031 -0.149566778084397 -0.224315073404938 0 16 1 242 -2.12524391709025 -2.74975466870086
2.1700031 -0.151078434496744 -0.226510923066105 0 16 1 242 -2.06262195854512 -2.87487733435043
2.1800031 -0.152598388735975 -0.228717540045449 0 16 2 243 -2.03131097927256 -2.43743866717521
2.2000031 -0.154125532177905 -0.230934607832642 0 17 1 242 -1.51565548963628 -2.71871933358761
2.2100031 -0.155660323940192 -0.233162981602271 0 15 1 243 -2.25782774481814 -2.8593596667938
2.2200032 -0.15720502044117 -0.23540207551188 0 15 2 244 -2.62891387240907 -2.4296798333969
2.2300032 -0.158759736460255 -0.237650583210485 0 16 2 241 -2.31445693620454 -2.21483991669845
2.2400032 -0.1603235159574 -0.239907851522598 0 16 2 241 -2.15722846810227 -2.10741995834923
2.2500032 -0.161895880912584 -0.242173553860473 0 16 2 241 -2.07861423405113 -2.05370997917461
2.2600032 -0.163476592315796 -0.244448540359988 0 16 1 241 -2.03930711702557 -2.52685498958731
2.2700032 -0.16506553066203 -0.246734249518837 0 16 1 241 -2.01965355851278 -2.76342749479365
2.3000033 -0.166663649628536 -0.249030387156113 0 15 2 241 -2.50982677925639 -2.38171374739683
2.3100033 -0.168269399194433 -0.251337819611114 0 18 0 243 -1.2549133896282 -3.19085687369841
2.3200033 -0.169878964060027 -0.253659006912995 0 18 0 243 -0.627456694814098 -3.59542843684921
2.3300033 -0.171490436575468 -0.255995179076332 0 18 0 243 -0.313728347407049 -3.7977142184246
2.3400033 -0.173103876345585 -0.258345937678662 0 17 1 242 -0.656864173703524 -3.3988571092123
2.3600034 -0.174720326602545 -0.260710070079 0 17 1 242 -0.828432086851762 -3.19942855460615
2.3700034 -0.176340308962429 -0.263086969956856 0 17 1 242 -0.914216043425881 -3.09971427730308
2.3800034 -0.177964084233281 -0.265476334151982 0 17 1 242 -0.957108021712941 -3.04985713865154
2.3900034 -0.179592796248872 -0.267878011084255 0 16 1 243 -1.47855401085647 -3.02492856932577
2.4000034 -0.181228030355841 -0.270291924963615 0 16 1 243 -1.73927700542824 -3.01246428466288
2.4200034 -0.182869565797755 -0.272717024465279 0 17 2 242 -1.36963850271412 -2.50623214233144
2.4400035 -0.184517292196398 -0.275151770497102 0 16 2 243 -1.68481925135706 -2.25311607116572
2.4500035 -0.186171154362662 -0.277596406942766 0 17 1 242 -1.34240962567853 -2.62655803558286
2.4600035 -0.187831124701992 -0.280052069173862 0 16 1 244 -1.67120481283926 -2.81327901779143
2.4700035 -0.189498202846864 -0.282519324876187 0 16 1 244 -1.83560240641963 -2.90663950889572
2.5000035 -0.191172888613515 -0.284998457892639 0 16 1 241 -1.91780120320982 -2.95331975444786
2.5100036 -0.192855431910063 -0.287489610144667 0 16 1 244 -1.95890060160491 -2.97665987722393
2.5200036 -0.194545957690569 -0.289992852592995 0 16 1 244 -1.97945030080245 -2.98832993861196
2.5300036 -0.196244528432061 -0.292508220717985 0 16 1 242 -1.98972515040123 -2.99416496930598
2.5400036 -0.197951175373055 -0.295035732259819 0 16 1 242 -1.99486257520061 -2.99708248465299
2.5500036 -0.199665914132809 -0.297575396088587 0 16 1 243 -1.99743128760031 -2.9985412423265
2.5600036 -0.20138875252095 -0.300127216639335 0 16 1 243 -1.99871564380015 -2.99927062116325
2.5800037 -0.203119694442293 -0.302691196129585 0 16 1 243 -1.99935782190008 -2.99963531058162
2.5900037 -0.204858741849246 -0.305267335668098 0 16 1 243 -1.99967891095004 -2.99981765529081
2.6100037 -0.206605895718011 -0.307855635809256 0 16 1 243 -1.99983945547502 -2.99990882764541
2.6300037 -0.20836014310694 -0.310456096830248 0 17 1 243 -1.49991972773751 -2.9999544138227
2.6400037 -0.210119964115453 -0.313068718869669 0 17 1 244 -1.24995986386875 -2.99997720691135
2.6500038 -0.211884598793264 -0.315693501996818 0 17 1 244 -1.12497993193438 -2.99998860345568
2.6600038 -0.213655694024731 -0.318330446246343 0 15 1 242 -2.06248996596719 -2.99999430172784
2.7100038 -0.215435086681787 -0.320979551635568 0 16 1 243 -2.03124498298359 -2.99999715086392
2.7200039 -0.217222681770646 -0.323639804743404 0 16 2 243 -2.0156224914918 -2.49999857543196
2.7300039 -0.219019445224166 -0.326309685429553 0 15 2 244 -2.5078112457459 -2.24999928771598
2.7400039 -0.220826873438529 -0.328988433623868 0 15 2 244 -2.75390562287295 -2.12499964385799
2.7500039 -0.222645714611827 -0.331675669291273 0 15 2 244 -2.87695281143647 -2.06249982192899
2.7700039 -0.224476342843103 -0.334371202414231 0 15 2 242 -2.93847640571824 -2.0312499109645
2.7800039 -0.22631793175213 -0.337074937983975 0 16 2 243 -2.46923820285912 -2.01562495548225
2.800004 -0.22816905471904 -0.33978682849612 0 16 2 243 -2.23461910142956 -2.00781247774112
2.820004 -0.2300289984339 -0.342506850198473 0 16 2 241 -2.11730955071478 -2.00390623887056
2.830004 -0.231896392811991 -0.345236004644691 0 17 1 243 -1.55865477535739 -2.50195311943528
2.840004 -0.233769539381202 -0.347975806041354 0 17 1 243 -1.27932738767869 -2.75097655971764
2.850004 -0.235647588905477 -0.350727011491751 0 17 1 243 -1.13966369383935 -2.87548827985882
2.8600041 -0.23753113019654 -0.353489999547529 0 16 1 242 -1.56983184691967 -2.93774413992941
2.8700041 -0.239421471090006 -0.356263946054756 0 16 2 243 -1.78491592345984 -2.46887206996471
2.9000041 -0.24131926550368 -0.359047425506717 0 16 2 243 -1.89245796172992 -2.23443603498235
2.9200041 -0.243223826966716 -0.361839725150053 0 17 2 243 -1.44622898086496 -2.11721801749118
2.9300042 -0.245135825673441 -0.364640488608084 0 15 2 243 -2.22311449043248 -2.05860900874559
2.9400042 -0.24705661015077 -0.367450551122224 0 16 1 243 -2.11155724521624 -2.52930450437279
2.9500042 -0.24898584123241 -0.37027134374293 0 16 1 243 -2.05577862260812 -2.7646522521864
2.9600042 -0.250924362764965 -0.37310256856568 0 15 2 243 -2.52788931130406 -2.3823261260932
2.9700042 -0.252873610101491 -0.37594306320846 0 15 2 243 -2.76394465565203 -2.1911630630466
2.9800042 -0.254834300918514 -0.378792246480263 0 15 2 243 -2.88197232782602 -2.0955815315233
2.9900042 -0.256806794054298 -0.381649827785586 0 15 2 243 -2.94098616391301 -2.04779076576165
3.0000042 -0.258790255498223 -0.384516675256429 0 16 1 245 -2.4704930819565 -2.52389538288082
3.0100043 -0.260784268244979 -0.387393222958793 0 15 2 242 -2.73524654097825 -2.26194769144041
3.0300043 -0.262789637221663 -0.390278674495926 0 15 2 242 -2.86762327048913 -2.13097384572021
3.0400043 -0.264805751462071 -0.393173645099202 0 16 1 243 -2.43381163524456 -2.5654869228601
3.0600043 -0.266830278623598 -0.396079455814064 0 17 1 243 -1.71690581762228 -2.78274346143005
3.0700043 -0.268862052534939 -0.39899676716323 0 16 1 243 -1.85845290881114 -2.89137173071503
3.0800044 -0.270901503540197 -0.401925909408061 0 16 1 243 -1.92922645440557 -2.94568586535751
3.1000044 -0.272948846811421 -0.404867047679237 0 16 1 243 -1.96461322720279 -2.97284293267876
3.1100044 -0.275004189934636 -0.407820264542098 0 16 1 244 -1.98230661360139 -2.98642146633938
3.1200044 -0.277067586702855 -0.410785601279313 0 16 1 243 -1.9911533068007 -2.99321073316969
3.1300044 -0.279139064012585 -0.413762065102467 0 16 2 244 -1.99557665340035 -2.49660536658484
3.1400044 -0.281218635312077 -0.416748146187597 0 16 2 244 -1.99778832670017 -2.24830268329242
3.1500045 -0.283307320755212 -0.419743089622724 0 15 2 243 -2.49889416335009 -2.12415134164621
3.1600045 -0.285404616989176 -0.42274753138161 0 17 1 242 -1.74944708167504 -2.56207567082311
3.1700045 -0.287509258907811 -0.425762802880888 0 16 1 241 -1.87472354083752 -2.78103783541155
3.2000045 -0.28962162738779 -0.428789569828874 0 16 1 241 -1.93736177041876 -2.89051891770578
3.2100045 -0.291741912867449 -0.431827151649974 0 16 2 241 -1.96868088520938 -2.44525945885289
3.2200046 -0.293870210565956 -0.43487419462664 0 16 2 241 -1.98434044260469 -2.22262972942644
3.2300046 -0.296006568092895 -0.437930021900097 0 16 2 241 -1.99217022130235 -2.11131486471322
3.2400046 -0.298151009253059 -0.440994295040958 0 16 2 241 -1.99608511065117 -2.05565743235661
3.2500046 -0.300303545948844 -0.444066844834528 0 16 2 241 -1.99804255532559 -2.02782871617831
3.2600046 -0.302464184131447 -0.447147586673463 0 16 2 241 -1.99902127766279 -2.01391435808915
3.2700046 -0.304632926776467 -0.450236478254087 0 16 2 241 -1.9995106388314 -2.00695717904458
3.2800046 -0.306809775371705 -0.453333498424564 0 16 2 241 -1.9997553194157 -2.00347858952229
3.2900047 -0.308994730661059 -0.456439650038728 0 16 1 243 -1.99987765970785 -2.50173929476114
3.3100047 -0.31118779301648 -0.459556447953249 0 16 1 243 -1.99993882985392 -2.75086964738057
3.3200047 -0.313388962623942 -0.462684649596459 0 16 1 244 -1.99996941492696 -2.87543482369029
3.3300047 -0.315599253006186 -0.465824633682527 0 15 1 243 -2.49998470746348 -2.93771741184514
3.3400047 -0.317820184354333 -0.468976589568536 0 15 1 243 -2.74999235373174 -2.96885870592257
3.3500047 -0.320050489904439 -0.472140611933029 0 17 1 242 -1.87499617686587 -2.98442935296129
3.3600048 -0.322288522844781 -0.475315734685523 0 16 2 242 -1.93749808843294 -2.49221467648064
3.3700048 -0.32453447319925 -0.478500461351026 0 16 2 242 -1.96874904421647 -2.24610733824032
3.3800048 -0.32678843597979 -0.481694043692042 0 16 2 242 -1.98437452210823 -2.12305366912016
3.3900048 -0.329050458692374 -0.484896107589823 0 16 2 241 -1.99218726105412 -2.06152683456008
3.4000048 -0.331320565089989 -0.488106465984994 0 16 2 241 -1.99609363052706 -2.03076341728004
3.4200048 -0.333598767049127 -0.491325025347869 0 16 2 241 -1.99804681526353 -2.01538170864002
3.4300049 -0.335885070508034 -0.494551738913604 0 16 2 242 -1.99902340763176 -2.00769085432001
3.4400049 -0.338179478435835 -0.497786583299777 0 16 2 242 -1.99951170381588 -2.00384542716001
3.4500049 -0.340480978887339 -0.50103056024493 0 17 1 242 -1.49975585190794 -2.50192271358
3.4600049 -0.342788052460198 -0.504285184048085 0 17 1 243 -1.24987792595397 -2.75096135679
3.4700049 -0.34509993945324 -0.507550198429001 0 17 2 241 -1.12493896297699 -2.375480678395
3.4800049 -0.347416260015876 -0.510824461817806 0 17 2 241 -1.06246948148849 -2.1877403391975
3.5000049 -0.349736824222814 -0.514107403429564 0 17 2 241 -1.03123474074425 -2.09387016959875
3.510005 -0.352061537111407 -0.517399751301559 0 17 1 242 -1.01561737037212 -2.54693508479938
3.520005 -0.354390351200331 -0.520702882882185 0 17 1 243 -1.00780868518606 -2.77346754239969
3.530005 -0.356723242748926 -0.524017486895638 0 17 1 243 -1.00390434259303 -2.88673377119984
3.540005 -0.35906019988686 -0.527343907704017 0 17 1 243 -1.00195217129652 -2.94336688559992
3.550005 -0.361402230108719 -0.53068130405862 0 16 2 243 -1.50097608564826 -2.47168344279996
3.560005 -0.363750850591549 -0.534028241905343 0 16 2 243 -1.75048804282413 -2.23584172139998
3.570005 -0.366106819923874 -0.537384004217135 0 16 2 243 -1.87524402141206 -2.11792086069999
3.5800051 -0.368470517399953 -0.54074924591022 0 16 1 241 -1.93762201070603 -2.55896043035
3.6000051 -0.370842132666919 -0.544125307872466 0 16 1 241 -1.96881100535302 -2.779480215175
3.6100051 -0.373222773978087 -0.547511847118051 0 15 2 243 -2.48440550267651 -2.3897401075875
3.6200051 -0.375611982030366 -0.550908692154067 0 17 1 242 -1.74220275133825 -2.69487005379375
3.6300051 -0.378008513742456 -0.55431677066381 0 16 1 243 -1.87110137566913 -2.84743502689687
3.6400051 -0.380412761003459 -0.55773654648893 0 16 1 243 -1.93555068783456 -2.92371751344844
3.6500052 -0.382824919757928 -0.56116825155025 0 16 1 243 -1.96777534391728 -2.96185875672422
3.6600052 -0.385245087978137 -0.564610988378431 0 16 2 241 -1.98388767195864 -2.48092937836211
3.6700052 -0.387673314650226 -0.56806329480905 0 16 2 241 -1.99194383597932 -2.24046468918105
3.6800052 -0.390108610837509 -0.571525453189649 0 17 1 243 -1.49597191798966 -2.62023234459053
3.6900052 -0.392549468641895 -0.57499861812375 0 17 1 243 -1.24798595899483 -2.81011617229526
3.7200053 -0.394995134114336 -0.578483366913115 0 17 1 243 -1.12399297949742 -2.90505808614763
3.7300053 -0.39744624371006 -0.581979988208624 0 16 1 242 -1.56199648974871 -2.95252904307382
3.7400053 -0.399904129086435 -0.585488626335717 0 16 1 242 -1.78099824487435 -2.97626452153691
3.7500053 -0.402369456072143 -0.589009353457115 0 16 1 242 -1.89049912243718 -2.98813226076845
3.7600053 -0.404842557581526 -0.592542205654177 0 16 1 242 -1.94524956121859 -2.99406613038423
3.7700053 -0.407322586642003 -0.596087200967585 0 17 1 241 -1.47262478060929 -2.99703306519211
3.7800053 -0.409809119767282 -0.599644348417677 0 16 1 244 -1.73631239030465 -2.99851653259606
3.7900054 -0.41230194521422 -0.603212639084872 0 17 2 240 -1.36815619515232 -2.49925826629803
3.8000054 -0.41479994368149 -0.606790555079626 0 17 2 240 -1.18407809757616 -2.24962913314901
3.8100054 -0.417302555518431 -0.610377337457168 0 17 2 243 -1.09203904878808 -2.12481456657451
3.8300054 -0.419809500899711 -0.613972606745113 0 17 2 243 -1.04601952439404 -2.06240728328725
3.8400054 -0.422321653342418 -0.617576173207268 0 16 2 242 -1.52300976219702 -2.03120364164363
3.8500054 -0.424840463034845 -0.621187941975535 0 16 2 242 -1.76150488109851 -2.01560182082181
3.8600055 -0.427365641641389 -0.624808879045619 0 17 1 244 -1.38075244054926 -2.50780091041091
3.8700055 -0.429896031564496 -0.628440480845124 0 17 1 244 -1.19037622027463 -2.75390045520545
3.8800055 -0.432432067435141 -0.632083495587851 0 16 1 242 -1.59518811013731 -2.87695022760273
3.8900055 -0.434974979998562 -0.635738297380703 0 16 1 242 -1.79759405506866 -2.93847511380136
3.9100055 -0.43752538462738 -0.639405073277128 0 16 1 242 -1.89879702753433 -2.96923755690068
3.9200055 -0.440082575578153 -0.643083916803854 0 17 1 244 -1.44939851376716 -2.98461877845034
3.9300056 -0.442645186549407 -0.646774874724241 0 17 1 244 -1.22469925688358 -2.99230938922517
3.9400056 -0.445212534390406 -0.650477970419972 0 17 1 244 -1.11234962844179 -2.99615469461259
3.9500056 -0.447784277525781 -0.654193215581887 0 17 1 244 -1.0561748142209 -2.99807734730629
3.9600056 -0.450360245167849 -0.657920616055406 0 17 1 245 -1.02808740711045 -2.99903867365315
3.9700056 -0.452940351922767 -0.661660174763241 0 17 1 245 -1.01404370355522 -2.99951933682657
3.9900056 -0.455524555093615 -0.665411893166744 0 17 1 245 -1.00702185177761 -2.99975966841329
4.0100057 -0.458112833331931 -0.669175771996596 0 17 1 242 -1.00351092588881 -2.99987983420664
4.0200057 -0.460706189393238 -0.672951811618133 0 16 1 245 -1.5017554629444 -2.99993991710332
4.0300057 -0.463306138085049 -0.676740012214025 0 16 1 245 -1.7508777314722 -2.99996995855166
4.0500057 -0.465913436811119 -0.680540373875608 0 16 1 245 -1.8754388657361 -2.99998497927583
4.0600057 -0.46852947770308 -0.684351883218796 0 15 2 243 -2.43771943286805 -2.49999248963792
4.0700057 -0.471155970256499 -0.688173020121795 0 15 2 242 -2.71885971643403 -2.24999624481896
4.0800058 -0.473793769219158 -0.692003024523708 0 15 2 242 -2.85942985821701 -2.12499812240948
4.0900058 -0.476443301964951 -0.695842529823837 0 15 1 242 -2.92971492910851 -2.56249906120474
4.1100058 -0.479104782180823 -0.699692866151588 0 15 1 242 -2.96485746455425 -2.78124953060237
4.1200058 -0.481777303280494 -0.703554698571662 0 16 1 242 -2.48242873227713 -2.89062476530119
4.1300058 -0.484459398541073 -0.70742835961641 0 16 1 242 -2.24121436613856 -2.94531238265059
4.1400058 -0.487150334601115 -0.711314015552007 0 16 1 243 -2.12060718306928 -2.9726561913253
4.1500059 -0.489849744779896 -0.715211749511541 0 16 1 243 -2.06030359153464 -2.98632809566265
4.1600059 -0.492557445737056 -0.719121603061556 0 16 1 243 -2.03015179576732 -2.99316404783132
4.1700059 -0.49527233237266 -0.723043596985323 0 17 1 242 -1.51507589788366 -2.99658202391566
4.1800059 -0.497992838706991 -0.72697774167448 0 17 1 243 -1.25753794894183 -2.99829101195783
4.1900059 -0.50071818175019 -0.730924042324843 0 17 1 243 -1.12876897447092 -2.99914550597892
4.2000059 -0.503447970007326 -0.734882501534323 0 17 1 243 -1.06438448723546 -2.99957275298946
4.2100059 -0.506182007730936 -0.738853120601872 0 17 1 243 -1.03219224361773 -2.99978637649473
4.220006 -0.508920197047286 -0.742835900176969 0 17 1 243 -1.01609612180886 -2.99989318824736
4.230006 -0.511662489019511 -0.746829827154601 0 17 2 243 -1.00804806090443 -2.49994659412368
4.240006 -0.514408859179177 -0.750833381552507 0 17 2 243 -1.00402403045222 -2.24997329706184
4.250006 -0.517159295292068 -0.754845803379559 0 17 2 243 -1.00201201522611 -2.12498664853092
4.260006 -0.519913791241075 -0.758866712640193 0 17 2 243 -1.00100600761305 -2.06249332426546
4.3000061 -0.522672343967645 -0.762894905906874 0 17 3 242 -1.00050300380653 -1.53124666213273
4.3300061 -0.525435965372252 -0.766930794895586 0 16 1 243 -1.50025150190326 -2.26562333106637
4.3400061 -0.528206174834886 -0.770975598894074 0 16 2 242 -1.75012575095163 -2.13281166553318
4.3500061 -0.530983732045542 -0.775028914116459 0 16 2 242 -1.87506287547582 -2.06640583276659
4.3600062 -0.533769016849218 -0.7790905386698 0 16 2 242 -1.93753143773791 -2.0332029163833
4.3700062 -0.53656221916841 -0.783161385037379 0 16 1 242 -1.96876571886895 -2.51660145819165
4.3900062 -0.53936343396437 -0.787242922890591 0 16 1 242 -1.98438285943448 -2.75830072909582
4.4000062 -0.542173722147475 -0.791334873635378 0 15 2 244 -2.49219142971724 -2.37915036454791
4.4200062 -0.544994627602663 -0.795436084544962 0 15 2 244 -2.74609571485862 -2.18957518227396
4.4300063 -0.547825908842654 -0.799546992685704 0 16 1 242 -2.37304785742931 -2.59478759113698
4.4400063 -0.550666431694054 -0.803667816590786 0 16 2 242 -2.18652392871465 -2.29739379556849
4.4500063 -0.553515629070167 -0.807797652097046 0 16 2 242 -2.09326196435733 -2.14869689778424
4.4600063 -0.556373217427646 -0.811936047122903 0 16 2 242 -2.04663098217866 -2.07434844889212
4.4700063 -0.559239054994815 -0.81608378905732 0 16 1 242 -2.02331549108933 -2.53717422444606
4.4800063 -0.562113070885837 -0.820242285024528 0 16 1 242 -2.01165774554467 -2.76858711222303
4.4900063 -0.564994216228042 -0.824411225156892 0 17 2 243 -1.50582887277233 -2.38429355611152
4.5000063 -0.567880953155343 -0.828591467950347 0 17 0 242 -1.25291443638617 -3.19214677805576
4.5400064 -0.570773526164448 -0.832784456082612 0 16 1 244 -1.62645721819308 -3.09607338902788
4.5500064 -0.573673070933464 -0.836988884033042 0 16 2 243 -1.81322860909654 -2.54803669451394
4.5600064 -0.576580155301442 -0.841203085611562 0 16 2 243 -1.90661430454827 -2.27401834725697
4.5700064 -0.579495063187911 -0.845426227723137 0 16 2 243 -1.95330715227414 -2.13700917362848
4.5800065 -0.582417936552633 -0.849657893820246 0 16 2 242 -1.97665357613707 -2.06850458681424
4.5900065 -0.58534884637549 -0.853897875629132 0 16 2 242 -1.98832678806853 -2.03425229340712
4.6000065 -0.588287828146423 -0.858146069012913 0 16 2 243 -1.99416339403427 -2.01712614670356
4.6100065 -0.591234899610401 -0.862402421903151 0 16 2 244 -1.99708169701713 -2.00856307335178
4.6200065 -0.594190069639911 -0.866666908265625 0 16 2 244 -1.99854084850857 -2.00428153667589
4.6600066 -0.597153342671195 -0.870939515083226 0 16 2 244 -1.99927042425428 -2.00214076833795
4.6800066 -0.600123707492622 -0.875220235847398 0 17 2 244 -1.49963521212714 -2.00107038416897
4.6900066 -0.603100658498377 -0.879510080733617 0 16 1 243 -1.74981760606357 -2.50053519208449
4.7000066 -0.606084956315304 -0.883809554829618 0 16 2 241 -1.87490880303179 -2.25026759604224
4.7200067 -0.609076981256826 -0.88811789724952 0 16 2 241 -1.93745440151589 -2.12513379802112
4.7300067 -0.612076923479652 -0.892435740980132 0 16 1 243 -1.96872720075795 -2.56256689901056
4.7500067 -0.61508487806214 -0.896764415944612 0 16 1 241 -1.98436360037897 -2.78128344950528
4.7600067 -0.618099879113715 -0.901104587104537 0 17 1 242 -1.49218180018949 -2.89064172475264
4.7700067 -0.621120430259337 -0.905456586940699 0 17 1 242 -1.24609090009474 -2.94532086237632
4.7900068 -0.624146796741239 -0.909819568263738 0 16 2 242 -1.62304545004737 -2.47266043118816
4.8000068 -0.627181138040041 -0.914192094049225 0 15 2 243 -2.31152272502369 -2.23633021559408
4.8100068 -0.630225547325805 -0.918573445784943 0 15 2 243 -2.65576136251184 -2.11816510779704
4.8300068 -0.633281071183564 -0.922963264214786 0 15 2 243 -2.82788068125592 -2.05908255389852
4.8400068 -0.63634721947608 -0.927361369710699 0 16 2 242 -2.41394034062796 -2.02954127694926
4.8500068 -0.639422733704982 -0.931767672458655 0 16 2 242 -2.20697017031398 -2.01477063847463
4.8600069 -0.642505971191334 -0.936182127551642 0 17 2 243 -1.60348508515699 -2.00738531923732
4.8700069 -0.645596110595667 -0.940606739395656 0 16 0 243 -1.80174254257849 -3.00369265961866
4.8800069 -0.648693754677999 -0.9450445370532 0 16 0 243 -1.90087127128925 -3.50184632980933
4.8900069 -0.651799204818338 -0.949496021625774 0 16 1 243 -1.95043563564462 -3.25092316490466
4.9000069 -0.65491261170669 -0.953960430234375 0 16 1 244 -1.97521781782231 -3.12546158245233
4.9200069 -0.658034050688056 -0.958437381439502 0 16 1 244 -1.98760890891116 -3.06273079122617
4.930007 -0.661163559434937 -0.962926684521404 0 16 1 244 -1.99380445445558 -3.03136539561308
4.940007 -0.664301156783584 -0.967427230690454 0 16 2 241 -1.99690222722779 -2.51568269780654
4.950007 -0.667445838722371 -0.971937452122087 0 17 2 243 -1.49845111361389 -2.25784134890327
4.960007 -0.670598116675235 -0.976456564904019 0 15 2 241 -2.24922555680695 -2.12892067445164
4.970007 -0.673759259783899 -0.980985190509861 0 16 1 245 -2.12461277840347 -2.56446033722582
4.980007 -0.67692888918947 -0.98552465310617 0 16 1 245 -2.06230638920174 -2.78223016861291
5.000007 -0.680106815462504 -0.990075614776226 0 16 1 245 -2.03115319460087 -2.89111508430645
5.0100071 -0.683291930458525 -0.994638406561667 0 17 1 243 -1.51557659730043 -2.94555754215323
5.0200071 -0.686482666675543 -0.999213193983313 0 17 1 243 -1.25778829865022 -2.97277877107661
5.0300071 -0.689678240362565 -1.00380005980157 0 17 1 243 -1.12889414932511 -2.98638938553831
5.0400071 -0.692878259644092 -1.00839904539665 0 17 1 243 -1.06444707466255 -2.99319469276915
5.0500071 -0.696082528582377 -1.01301017145866 0 17 1 243 -1.03222353733128 -2.99659734638458
5.0600071 -0.699291962638296 -1.01763344833263 0 16 1 243 -1.51611176866564 -2.99829867319229
5.0700071 -0.70250803297204 -1.02226786776136 0 16 2 241 -1.75805588433282 -2.49914933659614
5.0800072 -0.705731475163706 -1.02691191218646 0 16 2 241 -1.87902794216641 -2.24957466829807
5.0900072 -0.708962657003341 -1.03156583625852 0 16 1 244 -1.9395139710832 -2.62478733414904
5.1300072 -0.71220277581572 -1.03622976730281 0 15 2 241 -2.4697569855416 -2.31239366707452
5.1400072 -0.715452430263232 -1.04090275555223 0 16 2 244 -2.2348784927708 -2.15619683353726
5.1500073 -0.718710906247318 -1.04558533955298 0 16 1 242 -2.1174392463854 -2.57809841676863
5.1600073 -0.7219778467187 -1.05027778857814 0 16 2 243 -2.0587196231927 -2.28904920838431
5.1700073 -0.725253073152739 -1.05498023726428 0 16 1 243 -2.02935981159635 -2.64452460419216
5.1800073 -0.728537509716865 -1.05969275292966 0 15 2 242 -2.51467990579818 -2.32226230209608
5.1900073 -0.731832631924548 -1.06441435580367 0 15 2 242 -2.75733995289909 -2.16113115104804
5.2000073 -0.735139177532522 -1.06914455600101 0 15 2 242 -2.87866997644954 -2.08056557552402
5.2200074 -0.738457515419154 -1.07388310857902 0 15 2 242 -2.93933498822477 -2.04028278776201
5.2300074 -0.741787830023626 -1.07863090449612 0 15 1 243 -2.96966749411239 -2.520141393881
5.2400074 -0.745130213565532 -1.08338940266128 0 15 1 243 -2.98483374705619 -2.7600706969405
5.2600074 -0.748484712154667 -1.08815933252899 0 15 1 243 -2.9924168735281 -2.88003534847025
5.2700074 -0.751850335416176 -1.09294207225623 0 16 0 243 -2.49620843676405 -3.44001767423513
5.2800074 -0.755225574732881 -1.09773932435126 0 16 0 243 -2.24810421838202 -3.72000883711756
5.3000075 -0.758609675796193 -1.10255194006819 0 16 0 243 -2.12405210919101 -3.86000441855878
5.3100075 -0.762002261451815 -1.10737933160434 0 16 1 243 -2.06202605459551 -3.43000220927939
5.3500075 -0.765403143122602 -1.11222019162862 0 16 1 243 -2.03101302729775 -3.2150011046397
5.3600076 -0.768811213090226 -1.11707285304571 0 17 2 242 -1.51550651364888 -2.60750055231985
5.3700076 -0.772225917495526 -1.12193546887823 0 16 2 244 -1.75775325682444 -2.30375027615992
5.3800076 -0.775647992838672 -1.12680812906721 0 16 1 244 -1.87887662841222 -2.65187513807996
5.3900076 -0.779077807369749 -1.13169189201295 0 16 1 244 -1.93943831420611 -2.82593756903998
5.4000076 -0.7825155452138 -1.13658728691556 0 16 1 244 -1.96971915710305 -2.91296878451999
5.4300077 -0.785961298433346 -1.14149457837514 0 16 1 244 -1.98485957855153 -2.95648439226
5.4500077 -0.789414099629896 -1.1464138986917 0 17 1 243 -1.49242978927576 -2.97824219613
5.4600077 -0.792872451674452 -1.15134531401527 0 17 1 243 -1.24621489463788 -2.989121098065
5.4700077 -0.796336619432267 -1.15628885742086 0 16 1 241 -1.62310744731894 -2.9945605490325
5.4800077 -0.799808762195472 -1.16124454544597 0 15 1 243 -2.31155372365947 -2.99728027451625
5.4900077 -0.803290973039885 -1.16621238635935 0 15 1 243 -2.65577686182974 -2.99864013725812
5.5000077 -0.806784298503413 -1.17119238429538 0 15 1 243 -2.82788843091487 -2.99932006862906
5.5100078 -0.810289261855012 -1.17618454132124 0 15 1 243 -2.91394421545743 -2.99966003431453
5.5200078 -0.813806124729159 -1.18118885847054 0 15 1 243 -2.95697210772872 -2.99983001715727
5.5400078 -0.81733400451334 -1.18620432283031 0 16 2 243 -2.47848605386436 -2.49991500857863
5.5500078 -0.820871446471546 -1.19122941451433 0 16 2 243 -2.23924302693218 -2.24995750428932
5.5600078 -0.824417723235773 -1.19626337357948 0 16 2 243 -2.11962151346609 -2.12497875214466
5.5700078 -0.827973484551771 -1.20130683348395 0 15 1 242 -2.55981075673304 -2.56248937607233
5.5800079 -0.831540068722166 -1.20636112438661 0 15 1 242 -2.77990537836652 -2.78124468803616
5.5900079 -0.835117131468521 -1.2114258979371 0 16 2 243 -2.38995268918326 -2.39062234401808
5.6000079 -0.838703487221864 -1.21649996653054 0 16 2 243 -2.19497634459163 -2.19531117200904
5.6100079 -0.842297529767956 -1.22158374979419 0 17 1 243 -1.59748817229582 -2.59765558600452
5.6200079 -0.845898455999681 -1.22667847097148 0 16 1 242 -1.79874408614791 -2.79882779300226
5.6400079 -0.849506877793229 -1.23178474168409 0 16 1 242 -1.89937204307395 -2.89941389650113
5.650008 -0.853123101086697 -1.23690286774287 0 16 1 244 -1.94968602153698 -2.94970694825057
5.660008 -0.856747278849133 -1.24203300205325 0 16 1 244 -1.97484301076849 -2.97485347412528
5.670008 -0.860379487565063 -1.24717522106795 0 16 1 245 -1.98742150538424 -2.98742673706264
5.680008 -0.864019765476746 -1.25232854958356 0 16 2 243 -1.99371075269212 -2.49371336853132
5.690008 -0.867667118275563 -1.25749249999839 0 17 1 243 -1.49685537634606 -2.74685668426566
5.700008 -0.871321048807203 -1.26266682851159 0 16 2 242 -1.74842768817303 -2.37342834213283
5.710008 -0.874982321924263 -1.26785039979299 0 16 2 242 -1.87421384408652 -2.18671417106642
5.7400081 -0.87865132005304 -1.27304264617749 0 16 2 242 -1.93710692204326 -2.09335708553321
5.7500081 -0.882328234406685 -1.2782442972623 0 16 1 243 -1.96855346102163 -2.5466785427666
5.7600081 -0.886013160591772 -1.28345673127578 0 16 1 243 -1.98427673051081 -2.7733392713833
5.7700081 -0.889706146411589 -1.2886806373321 0 16 1 243 -1.99213836525541 -2.88666963569165
5.7800081 -0.893407215767778 -1.29391635998837 0 16 1 242 -1.9960691826277 -2.94333481784583
5.7900082 -0.897116380611162 -1.29916407152311 0 16 1 242 -1.99803459131385 -2.97166740892291
5.8200082 -0.900833646917151 -1.3044238580756 0 16 1 242 -1.99901729565693 -2.98583370446146
5.8300082 -0.904558004243699 -1.30969474928574 0 17 2 243 -1.49950864782846 -2.49291685223073
5.8400082 -0.908287933940031 -1.31497625997345 0 17 1 243 -1.24975432391423 -2.74645842611536
5.8500082 -0.912022676680759 -1.32026814754871 0 17 2 244 -1.12487716195712 -2.37322921305768
5.8600083 -0.91576185280319 -1.32556927728675 0 17 2 244 -1.06243858097856 -2.18661460652884
5.8700083 -0.919505272475975 -1.33087908182519 0 17 2 244 -1.03121929048928 -2.09330730326442
5.8800083 -0.923252840783442 -1.33619727748285 0 17 2 244 -1.01560964524464 -2.04665365163221
5.8900083 -0.927004510267754 -1.34152473584886 0 17 1 242 -1.00780482262232 -2.52332682581611
5.9000083 -0.930761270629745 -1.34686290614757 0 16 1 242 -1.50390241131116 -2.76166341290805
