0 -2.06259303719008 -2.06259303719008 0 0 0 0
0.01 -2.07554466942149 -2.07554466942149 0 0 0 0
0.02 -2.08853683884298 -2.08853683884298 0 0 0 0
0.03 -2.10156954545455 -2.10156954545455 0 0 0 0
0.04 -2.1146427892562 -2.1146427892562 0 0 0 0
0.05 -2.12775657024794 -2.12775657024794 0 0 0 0
0.0600001 -2.14091088842975 -2.14091088842975 0 0 0 0
0.0700001 -2.15410574380165 -2.15410574380165 0 0 0 0
0.0800001 -2.16734113636364 -2.16734113636364 0 0 0 0
0.0900001 -2.1806170661157 -2.1806170661157 0 0 0 0
0.1000001 -2.19393353305785 -2.19393353305785 0 0 0 0
0.1100001 -2.20729053719008 -2.20729053719008 0 0 0 0
0.1200001 -2.2206880785124 -2.2206880785124 0 0 0 0
0.1300002 -2.2341261570248 -2.2341261570248 0 0 0 0
0.1400002 -2.24760477272728 -2.24760477272728 0 0 0 0
0.1500002 -2.26112392561984 -2.26112392561984 0 0 0 0
0.1600002 -2.27468361570248 -2.27468361570248 0 0 0 0
0.1700002 -2.28828384297521 -2.28828384297521 0 0 0 0
0.1800002 -2.30192460743802 -2.30192460743802 0 0 0 0
0.1900002 -2.31560590909091 -2.31560590909091 0 0 0 0
0.2000002 -2.32932774793389 -2.32932774793389 0 0 0 0
0.2100003 -2.34309012396694 -2.34309012396694 0 0 0 0
0.2200003 -2.35689303719009 -2.35689303719009 0 0 0 0
0.2300003 -2.37073648760331 -2.37073648760331 0 0 0 0
0.2400003 -2.38462047520661 -2.38462047520661 0 0 0 0
0.2500003 -2.398545 -2.398545 0 0 0 0
0.2600003 -2.41251006198347 -2.41251006198347 0 0 0 0
0.2700003 -2.42651566115703 -2.42651566115703 0 0 0 0
0.2800004 -2.44056179752066 -2.44056179752066 0 0 0 0
0.2900004 -2.45464847107438 -2.45464847107438 0 0 0 0
0.3000004 -2.46877568181819 -2.46877568181819 0 0 0 0
0.3100004 -2.48294342975207 -2.48294342975207 0 0 0 0
0.3200004 -2.49715171487604 -2.49715171487604 0 0 0 0
0.3300004 -2.51140053719009 -2.51140053719009 0 0 0 0
0.3400004 -2.52568989669422 -2.52568989669422 0 0 0 0
0.3500005 -2.54001979338843 -2.54001979338843 0 0 0 0
0.3600005 -2.55439022727273 -2.55439022727273 0 0 0 0
0.3700005 -2.56880119834711 -2.56880119834711 0 0 0 0
0.3800005 -2.58325270661157 -2.58325270661157 0 0 0 0
0.3900005 -2.59774475206612 -2.59774475206612 0 0 0 0
0.4000005 -2.61227733471075 -2.61227733471075 0 0 0 0
0.4100005 -2.62685045454546 -2.62685045454546 0 0 0 0
0.4200006 -2.64146411157025 -2.64146411157025 0 0 0 0
0.4300006 -2.65611830578513 -2.65611830578513 0 0 0 0
0.4400006 -2.67081303719009 -2.67081303719009 0 0 0 0
0.4500006 -2.68554830578513 -2.68554830578513 0 0 0 0
0.4600006 -2.70032411157025 -2.70032411157025 0 0 0 0
0.4700006 -2.71514045454546 -2.71514045454546 0 0 0 0
0.4800006 -2.72999733471075 -2.72999733471075 0 0 0 0
0.4900007 -2.74489475206612 -2.74489475206612 0 0 0 0
0.5000007 -2.75983270661158 -2.75983270661158 0 0 0 0
0.5100007 -2.77481119834711 -2.77481119834711 0 0 0 0
0.5200007 -2.78983022727273 -2.78983022727273 0 0 0 0
0.5300007 -2.80488979338844 -2.80488979338844 0 0 0 0
0.5400007 -2.81998989669422 -2.81998989669422 0 0 0 0
0.5500007 -2.83513053719009 -2.83513053719009 0 0 0 0
0.5600008 -2.85031171487604 -2.85031171487604 0 0 0 0
0.5700008 -2.86553342975207 -2.86553342975207 0 0 0 0
0.5800008 -2.88079568181819 -2.88079568181819 0 0 0 0
0.5900008 -2.89609847107439 -2.89609847107439 0 0 0 0
0.6000008 -2.91144179752067 -2.91144179752067 0 0 0 0
0.6100008 -2.92682566115703 -2.92682566115703 0 0 0 0
0.6200008 -2.94225006198348 -2.94225006198348 0 0 0 0
0.6300009 -2.95771500000001 -2.95771500000001 0 0 0 0
0.6400009 -2.97322047520662 -2.97322047520662 0 0 0 0
0.6500009 -2.98876648760331 -2.98876648760331 0 0 0 0
0.6600009 -3.00435303719009 -3.00435303719009 0 0 0 0
0.6700009 -3.01998012396695 -3.01998012396695 0 0 0 0
0.6800009 -3.03564774793389 -3.03564774793389 0 0 0 0
0.6900009 -3.05135590909092 -3.05135590909092 0 0 0 0
0.7000009 -3.06710460743802 -3.06710460743802 0 0 0 0
0.710001 -3.08289384297521 -3.08289384297521 0 0 0 0
0.720001 -3.09872361570249 -3.09872361570249 0 0 0 0
0.730001 -3.11459392561984 -3.11459392561984 0 0 0 0
0.740001 -3.13050477272728 -3.13050477272728 0 0 0 0
0.750001 -3.1464561570248 -3.1464561570248 0 0 0 0
0.760001 -3.16244807851241 -3.16244807851241 0 0 0 0
0.770001 -3.17848053719009 -3.17848053719009 0 0 0 0
0.7800011 -3.19455353305786 -3.19455353305786 0 0 0 0
0.7900011 -3.21066706611571 -3.21066706611571 0 0 0 0
0.8000011 -3.22682113636365 -3.22682113636365 0 0 0 0
0.8100011 -3.24301574380166 -3.24301574380166 0 0 0 0
0.8200011 -3.25925088842976 -3.25925088842976 0 0 0 0
0.8300011 -3.27552657024794 -3.27552657024794 0 0 0 0
0.8400011 -3.29184278925621 -3.29184278925621 0 0 0 0
0.8500012 -3.30819954545456 -3.30819954545456 0 0 0 0
0.8600012 -3.32459683884299 -3.32459683884299 0 0 0 0
0.8700012 -3.3410346694215 -3.3410346694215 0 0 0 0
0.8800012 -3.35751303719009 -3.35751303719009 0 0 0 0
0.8900012 -3.37403194214877 -3.37403194214877 0 0 0 0
0.9000012 -3.39059138429753 -3.39059138429753 0 0 0 0
0.9100012 -3.40719136363638 -3.40719136363638 0 0 0 0
0.9200013 -3.4238318801653 -3.4238318801653 0 0 0 0
0.9300013 -3.44051293388431 -3.44051293388431 0 0 0 0
0.9400013 -3.4572345247934 -3.4572345247934 0 0 0 0
0.9500013 -3.47399665289257 -3.47399665289257 0 0 0 0
0.9600013 -3.49079931818183 -3.49079931818183 0 0 0 0
0.9700013 -3.50764252066117 -3.50764252066117 0 0 0 0
0.9800013 -3.52452626033059 -3.52452626033059 0 0 0 0
0.9900014 -3.5414505371901 -3.5414505371901 0 0 0 0
1.0000014 -3.55841535123968 -3.55841535123968 0 0 0 0
1.0100014 -3.57542070247935 -3.57542070247935 0 0 0 0
1.0400014 -3.5924665909091 -3.5924665909091 0 0 0 0
1.0500014 -3.60955301652894 -3.60955301652894 0 0 0 0
1.0600015 -3.62667997933886 -3.62667997933886 0 0 0 0
1.0700015 -3.64384747933886 -3.64384747933886 0 0 0 0
1.0800015 -3.66105551652894 -3.66105551652894 0 0 0 0
1.0900015 -3.6783040909091 -3.6783040909091 0 0 0 0
1.1000015 -3.69559320247935 -3.69559320247935 0 0 0 0
1.1100015 -3.71292285123968 -3.71292285123968 0 0 0 0
1.1200015 -3.7302930371901 -3.7302930371901 0 0 0 0
1.1300016 -3.74770376033059 -3.74770376033059 0 0 0 0
1.1400016 -3.76515502066117 -3.76515502066117 0 0 0 0
1.1500016 -3.78264681818183 -3.78264681818183 0 0 0 0
1.1600016 -3.80017915289258 -3.80017915289258 0 0 0 0
1.1700016 -3.8177520247934 -3.8177520247934 0 0 0 0
1.1800016 -3.83536543388431 -3.83536543388431 0 0 0 0
1.2100017 -3.85301938016531 -3.85301938016531 0 0 0 0
1.2200017 -3.87071386363638 -3.87071386363638 0 0 0 0
1.2300017 -3.88844888429754 -3.88844888429754 0 0 0 0
1.2400017 -3.90622444214878 -3.90622444214878 0 0 0 0
1.2500017 -3.9240405371901 -3.9240405371901 0 0 0 0
1.2700017 -3.9418971694215 -3.9418971694215 0 0 0 0
1.2800018 -3.95979433884299 -3.95979433884299 0 0 0 0
1.2900018 -3.97773204545456 -3.97773204545456 0 0 0 0
1.3000018 -3.99571028925622 -3.99571028925622 0 0 0 0
1.3100018 -4.01372907024795 -4.01372907024795 0 0 0 0
1.3200018 -4.03178838842977 -4.03178838842977 0 0 0 0
1.3300018 -4.04988824380167 -4.04988824380167 0 0 0 0
1.3400018 -4.06802863636365 -4.06802863636365 0 0 0 0
1.3500019 -4.08620956611572 -4.08620956611572 0 0 0 0
1.3600019 -4.10443103305787 -4.10443103305787 0 0 0 0
1.3700019 -4.1226930371901 -4.1226930371901 0 0 0 0
1.3800019 -4.14099557851242 -4.14099557851242 0 0 0 0
1.3900019 -4.15933865702481 -4.15933865702481 0 0 0 0
1.4000019 -4.17772227272729 -4.17772227272729 0 0 0 0
1.4100019 -4.19614642561985 -4.19614642561985 0 0 0 0
1.420002 -4.2146111157025 -4.2146111157025 0 0 0 0
1.430002 -4.23311634297523 -4.23311634297523 0 0 0 0
1.440002 -4.25166210743804 -4.25166210743804 0 0 0 0
1.450002 -4.27024840909093 -4.27024840909093 0 0 0 0
1.460002 -4.2888752479339 -4.2888752479339 0 0 0 0
1.470002 -4.30754262396696 -4.30754262396696 0 0 0 0
1.480002 -4.3262505371901 -4.3262505371901 0 0 0 0
1.4900021 -4.34499898760333 -4.34499898760333 0 0 0 0
1.5000021 -4.36378797520663 -4.36378797520663 0 0 0 0
1.5100021 -4.38261750000002 -4.38261750000002 0 0 0 0
1.5200021 -4.40148756198349 -4.40148756198349 0 0 0 0
1.5300021 -4.42039816115705 -4.42039816115705 0 0 0 0
1.5400021 -4.43934929752068 -4.43934929752068 0 0 0 0
1.5500021 -4.4583409710744 -4.4583409710744 0 0 0 0
1.5600022 -4.4773731818182 -4.4773731818182 0 0 0 0
1.5700022 -4.49644592975209 -4.49644592975209 0 0 0 0
1.5800022 -4.51555921487606 -4.51555921487606 0 0 0 0
1.5900022 -4.53471303719011 -4.53471303719011 0 0 0 0
1.6000022 -4.55390739669424 -4.55390739669424 0 0 0 0
1.6100022 -4.57314229338845 -4.57314229338845 0 0 0 0
1.6200022 -4.59241772727275 -4.59241772727275 0 0 0 0
1.6300023 -4.61173369834713 -4.61173369834713 0 0 0 0
1.6400023 -4.63109020661159 -4.63109020661159 0 0 0 0
1.6500023 -4.65048725206614 -4.65048725206614 0 0 0 0
1.6600023 -4.66992483471077 -4.66992483471077 0 0 0 0
1.6700023 -4.68940295454548 -4.68940295454548 0 0 0 0
1.6800023 -4.70892161157027 -4.70892161157027 0 0 0 0
1.6900023 -4.72848080578515 -4.72848080578515 0 0 0 0
1.7000023 -4.74808053719011 -4.74808053719011 0 0 0 0
1.7100024 -4.76772080578515 -4.76772080578515 0 0 0 0
1.7200024 -4.78740161157027 -4.78740161157027 0 0 0 0
1.7300024 -4.80712295454548 -4.80712295454548 0 0 0 0
1.7400024 -4.82688483471077 -4.82688483471077 0 0 0 0
1.7500024 -4.84668725206614 -4.84668725206614 0 0 0 0
1.7600024 -4.8665302066116 -4.8665302066116 0 0 0 0
1.7700024 -4.88641369834713 -4.88641369834713 0 0 0 0
1.7800025 -4.90633772727275 -4.90633772727275 0 0 0 0
1.7900025 -4.92630229338846 -4.92630229338846 0 0 0 0
1.8000025 -4.94630739669424 -4.94630739669424 0 0 0 0
1.8100025 -4.96635303719011 -4.96635303719011 0 0 0 0
1.8200025 -4.98643921487606 -4.98643921487606 0 0 0 0
1.8300025 -5.0065659297521 -5.0065659297521 0 0 0 0
1.8400025 -5.02673318181821 -5.02673318181821 0 0 0 0
1.8500026 -5.04694097107441 -5.04694097107441 0 0 0 0
1.8600026 -5.06718929752069 -5.06718929752069 0 0 0 0
1.8700026 -5.08747816115705 -5.08747816115705 0 0 0 0
1.8800026 -5.1078075619835 -5.1078075619835 0 0 0 0
1.8900026 -5.12817750000003 -5.12817750000003 0 0 0 0
1.9000026 -5.14858797520664 -5.14858797520664 0 0 0 0
1.9100026 -5.16903898760334 -5.16903898760334 0 0 0 0
1.9200027 -5.18953053719011 -5.18953053719011 0 0 0 0
1.9300027 -5.21006262396697 -5.21006262396697 0 0 0 0
1.9400027 -5.23063524793392 -5.23063524793392 0 0 0 0
1.9500027 -5.25124840909094 -5.25124840909094 0 0 0 0
1.9600027 -5.27190210743805 -5.27190210743805 0 0 0 0
1.9700027 -5.29259634297524 -5.29259634297524 0 0 0 0
1.9800027 -5.31333111570251 -5.31333111570251 0 0 0 0
1.9900028 -5.33410642561987 -5.33410642561987 0 0 0 0
2.0000028 -5.3549222727273 -5.3549222727273 0 0 0 0
2.0100028 -5.37577865702483 -5.37577865702483 0 0 0 0
2.0200028 -5.39667557851243 -5.39667557851243 0 0 0 0
2.0300028 -5.41761303719012 -5.41761303719012 0 0 0 0
2.0400028 -5.43859103305788 -5.43859103305788 0 0 0 0
2.0500028 -5.45960956611574 -5.45960956611574 0 0 0 0
2.0600029 -5.48066863636367 -5.48066863636367 0 0 0 0
2.0700029 -5.50176824380169 -5.50176824380169 0 0 0 0
2.0800029 -5.52290838842979 -5.52290838842979 0 0 0 0
2.0900029 -5.54408907024797 -5.54408907024797 0 0 0 0
2.1000029 -5.56531028925623 -5.56531028925623 0 0 0 0
2.1100029 -5.58657204545458 -5.58657204545458 0 0 0 0
2.1200029 -5.60787433884301 -5.60787433884301 0 0 0 0
2.130003 -5.62921716942152 -5.62921716942152 0 0 0 0
2.140003 -5.65060053719012 -5.65060053719012 0 0 0 0
2.150003 -5.6720244421488 -5.6720244421488 0 0 0 0
2.160003 -5.69348888429756 -5.69348888429756 0 0 0 0
2.170003 -5.7149938636364 -5.7149938636364 0 0 0 0
2.180003 -5.73653938016533 -5.73653938016533 0 0 0 0
2.190003 -5.75812543388433 -5.75812543388433 0 0 0 0
2.200003 -5.77975202479343 -5.77975202479343 0 0 0 0
2.2100031 -5.8014191528926 -5.8014191528926 0 0 0 0
2.2200031 -5.82312681818186 -5.82312681818186 0 0 0 0
2.2300031 -5.84487502066119 -5.84487502066119 0 0 0 0
2.2400031 -5.86666376033062 -5.86666376033062 0 0 0 0
2.2500031 -5.88849303719012 -5.88849303719012 0 0 0 0
2.2600031 -5.91036285123971 -5.91036285123971 0 0 0 0
2.2700031 -5.93227320247938 -5.93227320247938 0 0 0 0
2.2800032 -5.95422409090913 -5.95422409090913 0 0 0 0
2.2900032 -5.97621551652896 -5.97621551652896 0 0 0 0
2.3000032 -5.99824747933888 -5.99824747933888 0 0 0 0
2.3100032 -6.02031997933888 -6.02031997933888 0 0 0 0
2.3200032 -6.04243301652896 -6.04243301652896 0 0 0 0
2.3300032 -6.06458659090913 -6.06458659090913 0 0 0 0
2.3400032 -6.08678070247938 -6.08678070247938 0 0 0 0
2.3500033 -6.10901535123971 -6.10901535123971 0 0 0 0
2.3600033 -6.13129053719012 -6.13129053719012 0 0 0 0
2.3700033 -6.15360626033062 -6.15360626033062 0 0 0 0
2.3800033 -6.1759625206612 -6.1759625206612 0 0 0 0
2.3900033 -6.19835931818186 -6.19835931818186 0 0 0 0
2.4000033 -6.2207966528926 -6.2207966528926 0 0 0 0
2.4100033 -6.24327452479343 -6.24327452479343 0 0 0 0
2.4200034 -6.26579293388434 -6.26579293388434 0 0 0 0
2.4300034 -6.28835188016533 -6.28835188016533 0 0 0 0
2.4400034 -6.3109513636364 -6.3109513636364 0 0 0 0
2.4500034 -6.33359138429756 -6.33359138429756 0 0 0 0
2.4600034 -6.3562719421488 -6.3562719421488 0 0 0 0
2.4700034 -6.37899303719012 -6.37899303719012 0 0 0 0
2.4800034 -6.40175466942153 -6.40175466942153 0 0 0 0
2.4900035 -6.42455683884302 -6.42455683884302 0 0 0 0
2.5000035 -6.44739954545459 -6.44739954545459 0 0 0 0
2.5100035 -6.47028278925624 -6.47028278925624 0 0 0 0
2.5200035 -6.49320657024798 -6.49320657024798 0 0 0 0
2.5300035 -6.5161708884298 -6.5161708884298 0 0 0 0
2.5400035 -6.5391757438017 -6.5391757438017 0 0 0 0
2.5500035 -6.56222113636368 -6.56222113636368 0 0 0 0
2.5600036 -6.58530706611575 -6.58530706611575 0 0 0 0
2.5700036 -6.60843353305789 -6.60843353305789 0 0 0 0
2.5800036 -6.63160053719013 -6.63160053719013 0 0 0 0
2.5900036 -6.65480807851244 -6.65480807851244 0 0 0 0
2.6000036 -6.67805615702484 -6.67805615702484 0 0 0 0
2.6100036 -6.70134477272732 -6.70134477272732 0 0 0 0
2.6200036 -6.72467392561988 -6.72467392561988 0 0 0 0
2.6300037 -6.74804361570252 -6.74804361570252 0 0 0 0
2.6400037 -6.77145384297525 -6.77145384297525 0 0 0 0
2.6500037 -6.79490460743806 -6.79490460743806 0 0 0 0
2.6600037 -6.81839590909095 -6.81839590909095 0 0 0 0
2.6700037 -6.84192774793393 -6.84192774793393 0 0 0 0
2.6800037 -6.86550012396699 -6.86550012396699 0 0 0 0
2.6900037 -6.88911303719013 -6.88911303719013 0 0 0 0
2.7000037 -6.91276648760335 -6.91276648760335 0 0 0 0
2.7100038 -6.93646047520666 -6.93646047520666 0 0 0 0
2.7200038 -6.96019500000005 -6.96019500000005 0 0 0 0
2.7300038 -6.98397006198352 -6.98397006198352 0 0 0 0
2.7400038 -7.00778566115707 -7.00778566115707 0 0 0 0
2.7500038 -7.03164179752071 -7.03164179752071 0 0 0 0
2.7600038 -7.05553847107443 -7.05553847107443 0 0 0 0
2.7700038 -7.07947568181823 -7.07947568181823 0 0 0 0
2.7800039 -7.10345342975211 -7.10345342975211 0 0 0 0
2.7900039 -7.12747171487608 -7.12747171487608 0 0 0 0
2.8000039 -7.15153053719013 -7.15153053719013 0 0 0 0
2.8100039 -7.17562989669426 -7.17562989669426 0 0 0 0
2.8200039 -7.19976979338848 -7.19976979338848 0 0 0 0
2.8300039 -7.22395022727277 -7.22395022727277 0 0 0 0
2.8400039 -7.24817119834715 -7.24817119834715 0 0 0 0
2.850004 -7.27243270661162 -7.27243270661162 0 0 0 0
2.860004 -7.29673475206616 -7.29673475206616 0 0 0 0
2.870004 -7.32107733471079 -7.32107733471079 0 0 0 0
2.880004 -7.3454604545455 -7.3454604545455 0 0 0 0
2.890004 -7.3698841115703 -7.3698841115703 0 0 0 0
2.900004 -7.39434830578517 -7.39434830578517 0 0 0 0
2.910004 -7.41885303719013 -7.41885303719013 0 0 0 0
2.9200041 -7.44339830578517 -7.44339830578517 0 0 0 0
2.9300041 -7.4679841115703 -7.4679841115703 0 0 0 0
2.9400041 -7.4926104545455 -7.4926104545455 0 0 0 0
2.9500041 -7.51727733471079 -7.51727733471079 0 0 0 0
2.9600041 -7.54198475206616 -7.54198475206616 0 0 0 0
2.9700041 -7.56673270661162 -7.56673270661162 0 0 0 0
2.9800041 -7.59152119834716 -7.59152119834716 0 0 0 0
2.9900042 -7.61635022727278 -7.61635022727278 0 0 0 0
3.0000042 -7.64121979338848 -7.64121979338848 0 0 0 0
3.0100042 -7.66612989669426 -7.66612989669426 0 0 0 0
3.0200042 -7.69108053719013 -7.69108053719013 0 0 0 0
3.0300042 -7.71607171487608 -7.71607171487608 0 0 0 0
3.0400042 -7.74110342975211 -7.74110342975211 0 0 0 0
3.0500042 -7.76617568181823 -7.76617568181823 0 0 0 0
3.0600043 -7.79128847107443 -7.79128847107443 0 0 0 0
3.0700043 -7.81644179752071 -7.81644179752071 0 0 0 0
3.0800043 -7.84163566115707 -7.84163566115707 0 0 0 0
3.0900043 -7.86687006198352 -7.86687006198352 0 0 0 0
3.1000043 -7.89214500000005 -7.89214500000005 0 0 0 0
3.1100043 -7.91746047520666 -7.91746047520666 0 0 0 0
3.1200043 -7.94281648760336 -7.94281648760336 0 0 0 0
3.1300044 -7.96821303719013 -7.96821303719013 0 0 0 0
3.1400044 -7.99365012396699 -7.99365012396699 0 0 0 0
3.1500044 -8.01912774793393 -8.01912774793393 0 0 0 0
3.1600044 -8.04464590909096 -8.04464590909096 0 0 0 0
3.1700044 -8.07020460743807 -8.07020460743807 0 0 0 0
3.1800044 -8.09580384297526 -8.09580384297526 0 0 0 0
3.1900044 -8.12144361570253 -8.12144361570253 0 0 0 0
3.2000044 -8.14712392561989 -8.14712392561989 0 0 0 0
3.2100045 -8.17284477272732 -8.17284477272732 0 0 0 0
3.2200045 -8.19860615702484 -8.19860615702484 0 0 0 0
3.2300045 -8.22440807851245 -8.22440807851245 0 0 0 0
3.2400045 -8.25025053719014 -8.25025053719014 0 0 0 0
3.2500045 -8.2761335330579 -8.2761335330579 0 0 0 0
3.2600045 -8.30205706611575 -8.30205706611575 0 0 0 0
3.2700045 -8.32802113636369 -8.32802113636369 0 0 0 0
3.2800046 -8.3540257438017 -8.3540257438017 0 0 0 0
3.2900046 -8.3800708884298 -8.3800708884298 0 0 0 0
3.3000046 -8.40615657024799 -8.40615657024799 0 0 0 0
3.3100046 -8.43228278925625 -8.43228278925625 0 0 0 0
3.3200046 -8.4584495454546 -8.4584495454546 0 0 0 0
3.3300046 -8.48465683884303 -8.48465683884303 0 0 0 0
3.3400046 -8.51090466942154 -8.51090466942154 0 0 0 0
3.3500047 -8.53719303719014 -8.53719303719014 0 0 0 0
3.3600047 -8.56352194214881 -8.56352194214881 0 0 0 0
3.3700047 -8.58989138429757 -8.58989138429757 0 0 0 0
3.3800047 -8.61630136363642 -8.61630136363642 0 0 0 0
3.3900047 -8.64275188016534 -8.64275188016534 0 0 0 0
3.4000047 -8.66924293388435 -8.66924293388435 0 0 0 0
3.4100047 -8.69577452479344 -8.69577452479344 0 0 0 0
3.4200048 -8.72234665289261 -8.72234665289261 0 0 0 0
3.4300048 -8.74895931818187 -8.74895931818187 0 0 0 0
3.4400048 -8.77561252066121 -8.77561252066121 0 0 0 0
3.4500048 -8.80230626033063 -8.80230626033063 0 0 0 0
3.4600048 -8.82904053719014 -8.82904053719014 0 0 0 0
3.4700048 -8.85581535123972 -8.85581535123972 0 0 0 0
3.4800048 -8.88263070247939 -8.88263070247939 0 0 0 0
3.4900049 -8.90948659090914 -8.90948659090914 0 0 0 0
3.5000049 -8.93638301652898 -8.93638301652898 0 0 0 0
3.5100049 -8.9633199793389 -8.9633199793389 0 0 0 0
3.5200049 -8.9902974793389 -8.9902974793389 0 0 0 0
3.5300049 -9.01731551652898 -9.01731551652898 0 0 0 0
3.5400049 -9.04437409090914 -9.04437409090914 0 0 0 0
3.5500049 -9.07147320247939 -9.07147320247939 0 0 0 0
3.560005 -9.09861285123972 -9.09861285123972 0 0 0 0
3.570005 -9.12579303719014 -9.12579303719014 0 0 0 0
3.580005 -9.15301376033063 -9.15301376033063 0 0 0 0
3.590005 -9.18027502066121 -9.18027502066121 0 0 0 0
3.600005 -9.20757681818187 -9.20757681818187 0 0 0 0
3.610005 -9.23491915289261 -9.23491915289261 0 0 0 0
3.620005 -9.26230202479344 -9.26230202479344 0 0 0 0
3.6300051 -9.28972543388435 -9.28972543388435 0 0 0 0
3.6400051 -9.31718938016534 -9.31718938016534 0 0 0 0
3.6500051 -9.34469386363642 -9.34469386363642 0 0 0 0
3.6600051 -9.37223888429757 -9.37223888429757 0 0 0 0
3.6700051 -9.39982444214881 -9.39982444214881 0 0 0 0
3.6800051 -9.42745053719013 -9.42745053719013 0 0 0 0
3.6900051 -9.45511716942154 -9.45511716942154 0 0 0 0
3.7000051 -9.48282433884303 -9.48282433884303 0 0 0 0
3.7100052 -9.5105720454546 -9.5105720454546 0 0 0 0
3.7200052 -9.53836028925625 -9.53836028925625 0 0 0 0
3.7300052 -9.56618907024799 -9.56618907024799 0 0 0 0
3.7400052 -9.5940583884298 -9.5940583884298 0 0 0 0
3.7500052 -9.6219682438017 -9.6219682438017 0 0 0 0
3.7600052 -9.64991863636369 -9.64991863636369 0 0 0 0
3.7700052 -9.67790956611575 -9.67790956611575 0 0 0 0
3.7800053 -9.7059410330579 -9.7059410330579 0 0 0 0
3.7900053 -9.73401303719014 -9.73401303719014 0 0 0 0
3.8000053 -9.76212557851245 -9.76212557851245 0 0 0 0
3.8100053 -9.79027865702485 -9.79027865702485 0 0 0 0
3.8200053 -9.81847227272733 -9.81847227272733 0 0 0 0
