0.01 6.18080209554419 -5.14294106032669 0 17 4 242
0.0200001 6.20059972855722 -5.15946000743607 0 17 4 242
0.0300001 6.22042711634472 -5.17600325578415 0 17 4 242
0.0400001 6.24028458296575 -5.19257182933836 0 18 3 243
0.0500001 6.26017127702006 -5.2091662400824 0 16 4 245
0.0600001 6.2800877862373 -5.22578674400814 0 19 3 243
0.0900002 6.30003440448229 -5.24243346911151 0 16 4 244
0.1000002 6.32001026525767 -5.25910546596071 0 18 4 243
0.1100002 6.34001696217429 -5.27580225983986 0 18 4 243
0.1300002 6.36005529203756 -5.292523613391 0 18 4 243
0.1500002 6.38012565325018 -5.30927042136492 0 18 3 242
0.1600002 6.40022824501352 -5.32604414456676 0 18 3 242
0.1700003 6.4203621534985 -5.34284551339908 0 17 3 242
0.1900003 6.44052692179057 -5.35967489306318 0 18 3 244
0.2000003 6.46072333486223 -5.37653246615969 0 18 3 244
0.2100003 6.48095077176996 -5.39341731055918 0 17 4 242
0.2200003 6.50120790861225 -5.4103279517672 0 17 4 243
0.2300003 6.52149509686811 -5.42726466596624 0 18 3 242
0.2400004 6.54181352570678 -5.44422860467734 0 18 3 242
0.2500004 6.56216480314265 -5.46121933023123 0 19 4 242
0.2700004 6.58255074661264 -5.47823561036355 0 19 4 242
0.2800004 6.60297226483525 -5.49527682894211 0 19 4 242
0.3000004 6.62342778531019 -5.51234166447105 0 17 5 241
0.3200005 6.64391449492782 -5.52942844277272 0 17 5 241
0.3300005 6.66443200056308 -5.54653936704752 0 18 2 242
0.3400005 6.68498111908319 -5.56367857918492 0 18 2 242
0.3500005 6.70556225892176 -5.5808471366999 0 18 3 242
0.3600005 6.72617461086584 -5.5980445549202 0 17 3 242
0.3700005 6.7468167568792 -5.61527059150969 0 17 3 242
0.3800006 6.76748798794373 -5.63252411187055 0 17 4 243
0.3900006 6.78818794955038 -5.64980454870387 0 17 3 243
0.4100006 6.80891646444461 -5.66711263178995 0 17 3 243
0.4200006 6.82967445742892 -5.68444771258919 0 18 4 242
0.4300006 6.85046340433429 -5.70180845340203 0 18 4 244
0.4400006 6.87128302964649 -5.7191941853787 0 17 4 244
0.4500007 6.89213218217861 -5.73660457409431 0 17 4 244
0.4700007 6.91301129976699 -5.75404046576616 0 18 3 243
0.4800007 6.93392262818928 -5.77150329693267 0 19 3 242
0.4900007 6.95486729033431 -5.78899378586303 0 18 3 242
0.5000007 6.97584584764649 -5.80651229169185 0 19 3 242
0.5100007 6.99685756741829 -5.82405899398642 0 17 3 242
0.5200008 7.01790005643642 -5.8416339825304 0 17 3 242
0.5300008 7.03897211809424 -5.85923628878586 0 17 4 244
0.5400008 7.06007315408844 -5.87686441505409 0 17 4 244
0.5500008 7.08120286526736 -5.89451761248572 0 17 4 244
0.5600008 7.10236110205517 -5.91219550665608 0 17 4 244
0.5700008 7.1235488030937 -5.92989791035284 0 18 4 244
0.5800008 7.14476745113363 -5.94762472996981 0 18 4 243
0.5900009 7.16601778755028 -5.96537591870391 0 18 4 243
0.6000009 7.18730018303134 -5.98315145315361 0 18 4 243
0.6100009 7.20861482292063 -6.00095132161813 0 18 4 244
0.6300009 7.22996179989007 -6.01877551824708 0 18 4 244
0.6400009 7.25134116027561 -6.03662505354503 0 18 3 243
0.6500009 7.27275292724524 -6.05450043276425 0 18 4 244
0.6600009 7.29419711238295 -6.07240089510113 0 18 4 244
0.680001 7.31567270805098 -6.09032606015387 0 17 4 243
0.690001 7.33717921043045 -6.10827675115132 0 18 3 242
0.700001 7.35871738104167 -6.12625439313764 0 18 3 242
0.710001 7.38028658721505 -6.14425969863494 0 17 3 243
0.720001 7.40188549918604 -6.16229302390424 0 17 3 243
0.730001 7.42351345207236 -6.18035454707609 0 17 3 243
0.7400011 7.44517112686262 -6.19844435721573 0 18 3 242
0.7600011 7.4668598774809 -6.21656148542605 0 18 4 243
0.7700011 7.48858038088921 -6.23470544725848 0 18 3 244
0.8000011 7.51033297556857 -6.25287701391849 0 18 3 244
0.8100012 7.53211783075949 -6.27107758443859 0 18 2 242
0.8200012 7.55393604451198 -6.289307858335 0 19 3 242
0.8300012 7.57578715242128 -6.30756717193609 0 17 3 243
0.8400012 7.59766889542551 -6.32585519340606 0 17 3 243
0.8500012 7.6195811574235 -6.34417074339725 0 18 4 243
0.8600012 7.64152489379439 -6.36251221880606 0 18 4 243
0.8800013 7.66350058222778 -6.38088084494022 0 18 2 242
0.8900013 7.68550846156843 -6.39927723445358 0 18 4 241
0.9000013 7.70754865123876 -6.41769865338382 0 18 5 242
0.9100013 7.72962019752021 -6.43614474817951 0 17 3 244
0.9200013 7.75172161012374 -6.45461736892447 0 17 3 244
0.9400013 7.77385214390485 -6.47311744066058 0 17 3 244
0.9500014 7.79601345315077 -6.4916454259088 0 19 3 243
0.9600014 7.81820839186464 -6.51020155592961 0 19 3 243
0.9800014 7.84043636018852 -6.52878594635323 0 17 3 244
0.9900014 7.86269503133393 -6.5473986549948 0 17 3 244
1.0000014 7.88498425533639 -6.56603971076186 0 18 3 242
1.0100014 7.9073049706434 -6.58470811467845 0 18 4 244
1.0200015 7.92965764647872 -6.60340235382683 0 18 4 244
1.0300015 7.95204251745424 -6.62212268517788 0 18 3 244
1.0400015 7.97445970087588 -6.64087025064679 0 18 3 244
1.0500015 7.99690925539662 -6.65964562119116 0 18 3 244
1.0600015 8.01939019691318 -6.67844806886004 0 17 4 242
1.1000016 8.04190203337395 -6.69727722967796 0 18 3 243
1.1500016 8.06444451875309 -6.71613393508691 0 17 3 243
1.1700017 8.0870175300377 -6.73501860080792 0 18 3 244
1.1800017 8.10962201915108 -6.75393042127173 0 18 4 243
1.2100017 8.13225744862513 -6.77286899369371 0 17 3 242
1.2200017 8.15492354972579 -6.79183513011132 0 18 3 242
1.2300017 8.17762120151578 -6.81082923654326 0 18 3 242
1.2400018 8.20035084352649 -6.8298515159989 0 18 3 242
1.2500018 8.22311168209382 -6.84890206998292 0 17 3 242
1.2600018 8.245902306956 -6.86798094924766 0 17 3 242
1.2900018 8.26872403984164 -6.88708817916929 0 19 3 242
1.3000018 8.29157754161503 -6.90622377243588 0 17 3 242
1.3200019 8.31446212927859 -6.9253877353915 0 18 3 243
1.3300019 8.33737847476326 -6.94457905777839 0 18 4 243
1.3400019 8.36032691403452 -6.96379622103796 0 18 4 243
1.3500019 8.38330761507511 -6.98303846589088 0 18 4 243
1.3600019 8.4063206618764 -7.00230541269751 0 18 4 243
1.3700019 8.42936609643407 -7.02159788506776 0 18 3 244
1.380002 8.45244393974596 -7.04091629480661 0 18 4 242
1.390002 8.475554202311 -7.06025983438678 0 18 4 242
1.400002 8.49869790280839 -7.07962810004463 0 19 4 243
1.410002 8.5218765640075 -7.0990219033281 0 19 3 244
1.420002 8.54508993386325 -7.11844063658141 0 18 5 243
1.430002 8.56833687292336 -7.13788196911715 0 18 5 243
1.440002 8.59161681146168 -7.15734777588089 0 18 2 243
1.4500021 8.61492845118539 -7.17684000777516 0 17 4 242
1.4600021 8.63827012951831 -7.19635761339171 0 17 4 242
1.4700021 8.66164202860213 -7.21590108045619 0 18 3 244
1.4800021 8.68504525293743 -7.23547166626115 0 18 3 242
1.5000021 8.7084803547745 -7.25506999945289 0 18 3 242
1.5200022 8.73194761023849 -7.27469538092479 0 18 4 243
1.5300022 8.75544715739197 -7.2943464476938 0 18 4 243
1.5400022 8.77897906526623 -7.31402353169814 0 18 3 242
1.5500022 8.80254235494716 -7.33372679890692 0 17 4 242
1.5600022 8.82613552354796 -7.35345531887495 0 17 4 242
1.5700022 8.84975781962522 -7.37320862637962 0 17 4 242
1.5800022 8.87340988088699 -7.3929875022394 0 18 3 243
1.5900023 8.89709303961705 -7.41279335029325 0 18 3 242
1.6000023 8.92080796195728 -7.43262585903093 0 18 4 243
1.6100023 8.94455498097864 -7.45248385926753 0 18 4 243
1.6200023 8.96833426321659 -7.47236676641062 0 18 4 242
1.6300023 8.99214589193887 -7.49227428816399 0 18 4 242
1.6400023 9.01598990877935 -7.51220627837952 0 18 4 242
1.6500023 9.03986633455496 -7.5321636774129 0 18 3 244
1.6600023 9.06377517967417 -7.55214796887174 0 18 3 244
1.6700024 9.08771644934122 -7.57215888113009 0 18 4 242
1.6800024 9.11169014615821 -7.59219526494521 0 18 4 242
1.6900024 9.13569525799646 -7.61225654569574 0 17 4 242
1.7000024 9.15973026536186 -7.63234243607101 0 17 4 243
1.7300024 9.18379440850738 -7.65245279241567 0 17 4 243
1.7500025 9.20788730755947 -7.67258754290205 0 17 4 242
1.7600025 9.23200877258139 -7.69274665161632 0 17 4 242
1.7700025 9.25615870860474 -7.71293010060155 0 17 4 242
1.7900025 9.2803380815751 -7.73313788087929 0 18 4 243
1.8000025 9.30454838789498 -7.75337100139006 0 18 3 243
1.8100026 9.32878936233592 -7.77363098003387 0 17 3 245
1.8200026 9.35306087228366 -7.79391756233099 0 18 4 243
1.8300026 9.37736386486084 -7.81422960761178 0 18 4 243
1.8400026 9.40169881362876 -7.83456755897118 0 18 3 243
1.8500026 9.4260659553681 -7.85493265138642 0 18 3 243
1.8600026 9.45046540846917 -7.8753255023461 0 18 3 243
1.8700026 9.47489723212714 -7.89574642059454 0 18 3 243
1.8800027 9.49936044250985 -7.91619556050388 0 17 3 243
1.9000027 9.52385353427145 -7.93667299926021 0 17 3 243
1.9200027 9.54837575473903 -7.95717877545655 0 17 3 244
1.9500028 9.57292672757612 -7.97771290838943 0 17 3 243
1.9600028 9.59750829147401 -7.99827540770711 0 19 3 241
1.9700028 9.62212339263783 -8.01886627823372 0 19 3 241
1.9800028 9.64677350417015 -8.03948552238132 0 19 3 244
1.9900028 9.67145733576276 -8.06013314135595 0 17 3 245
2.0000028 9.69617221540203 -8.08080913576062 0 17 3 245
2.0100028 9.72091680708118 -8.10151249246709 0 17 4 242
2.0200029 9.74569044279678 -8.12224270491123 0 17 3 243
2.0300029 9.77049278854715 -8.14300053324074 0 17 3 243
2.0400029 9.79532367733142 -8.16378635752946 0 17 3 243
2.0500029 9.82018302564918 -8.18459935438457 0 17 4 242
2.0600029 9.8450707917502 -8.20543809867989 0 17 4 242
2.0700029 9.86998796818915 -8.22630187785234 0 18 4 245
2.0800029 9.89493505124333 -8.24719236247989 0 17 2 242
2.090003 9.91991228905141 -8.26811140128127 0 18 3 242
2.120003 9.94492081911248 -8.28905789175634 0 18 4 244
2.130003 9.96996222360582 -8.31003128265503 0 19 3 241
2.150003 9.99503729362109 -8.33103231178206 0 18 3 243
2.1700031 10.0201454112733 -8.35206134803979 0 18 3 243
2.1800031 10.0452862676201 -8.3731185758794 0 18 3 243
2.1900031 10.07046072162 -8.39420408752648 0 19 3 242
2.2000031 10.0956692027521 -8.41531691566406 0 18 4 242
2.2100031 10.1209098988967 -8.43645759006344 0 17 2 243
2.2200031 10.1461808905641 -8.45762840246974 0 17 2 243
2.2300031 10.1714832448688 -8.47883049875553 0 19 2 243
2.2400032 10.1968195222278 -8.5000644518571 0 19 2 243
2.2500032 10.2221899894197 -8.5213285213831 0 18 4 242
2.2600032 10.247593766404 -8.54261981027833 0 18 4 242
2.2700032 10.2730304131607 -8.56393788344495 0 18 3 242
2.2800032 10.2984997096795 -8.58528252333404 0 18 4 242
2.2900032 10.3240015459555 -8.6066526077414 0 18 4 242
2.3000032 10.3495348535562 -8.62804858899467 0 17 3 243
2.3200033 10.3750990982657 -8.64947069325766 0 18 4 242
2.3300033 10.4006960398353 -8.6709190336123 0 19 3 242
2.3400033 10.426325544711 -8.69239366659954 0 17 4 243
2.3500033 10.4519855192563 -8.7138936070601 0 17 4 243
2.3700033 10.477674916653 -8.73541836241435 0 17 4 243
2.3800034 10.5033952403513 -8.75696768637246 0 19 4 243
2.3900034 10.5291482555062 -8.77854145578954 0 18 4 243
2.4000034 10.5549328178357 -8.80014062252287 0 17 3 244
2.4200034 10.5807473417691 -8.82176667593086 0 17 3 244
2.4300034 10.6065920479507 -8.84341934726295 0 18 4 243
2.4400034 10.6324680601324 -8.86509850214387 0 18 3 243
2.4500035 10.6583759401901 -8.88680508681574 0 18 3 243
2.4600035 10.6843169824918 -8.90853957439961 0 19 3 240
2.4800035 10.7102918342211 -8.930302201456 0 18 3 243
2.4900035 10.7362987921105 -8.95209207283544 0 17 4 243
2.5000035 10.7623359910966 -8.97390772753342 0 17 4 243
2.5500036 10.7884035120772 -8.99574944847746 0 18 3 243
