0.0050034 0 9999 0
0.0640451 0 9999 0
0.1171173 0 9999 0
0.1741299 0 9999 0
0.2381705 0 9999 0
0.2942102 0 9999 0
0.3492522 0 9999 0
0.4022896 0 9999 0
0.4573263 0 9999 0
0.5123923 0 9999 0
0.5664079 0 9999 0
0.6204468 0 9999 0
0.7135148 0 9999 0
0.7675492 0 9999 0
0.8225849 0 9999 0
0.8996679 0 9999 0
0.961683 0 9999 0
1.0167343 0 9999 0
1.0877743 0 9999 0
1.1408099 0 9999 0
1.1978542 0 9999 0
1.2508881 0 9999 0
1.3089297 0 9999 0
1.3609658 0 9999 0
1.415005 0 9999 0
1.4700448 0 9999 0
1.5240845 0 9999 0
1.5871326 0 9999 0
1.641195 0 9999 0
1.7032105 0 9999 0
1.7602503 0 9999 0
1.8162901 0 9999 0
1.8713339 0 9999 0
1.9313716 0 9999 0
1.9864131 0 9999 0
2.0414502 0 9999 0
2.1085266 0 9999 0
2.1725466 0 9999 0
2.2275819 0 9999 0
2.3546732 0 9999 0
2.4087335 0 9999 0
2.4637531 0 9999 0
2.5308215 0 9999 0
2.5858416 0 9999 0
2.6398746 0 9999 0
2.6949175 0 9999 0
2.7479522 0 9999 0
2.8009896 0 9999 0
2.855028 0 9999 0
2.9210749 0 9999 0
2.9951373 0 9999 0
3.0491694 0 9999 0
3.1322304 0 9999 0
3.1862661 0 9999 0
3.2413053 0 9999 0
3.2993425 0 9999 0
3.3533831 0 9999 0
3.4074237 0 9999 0
3.4624599 0 9999 0
3.5265094 0 9999 0
3.5945577 0 9999 0
3.6486179 0 9999 0
3.7026335 0 9999 0
3.756671 0 9999 0
3.8127077 0 9999 0
3.8667456 0 9999 0
3.9558108 0 9999 0
4.0098469 0 9999 0
4.0639192 0 9999 0
4.1179237 0 9999 0
4.1729639 0 9999 0
4.2280322 0 9999 0
4.2830447 0 9999 0
4.3460865 0 9999 0
4.4011339 0 9999 0
4.4541686 0 9999 0
4.5092168 0 9999 0
4.5642463 0 9999 0
4.6183074 0 9999 0
4.6733253 0 9999 0
4.728357 0 9999 0
4.7833963 0 9999 0
4.8364346 0 9999 0
4.8914771 0 9999 0
4.9515192 0 9999 0
5.0055554 0 9999 0
5.059621 0 9999 0
5.1136317 0 9999 0
5.1656664 0 9999 0
5.2187042 0 9999 0
5.2737449 0 9999 0
5.3287882 0 9999 0
5.4038381 0 9999 0
5.4579037 0 9999 0
5.5129198 0 9999 0
5.5669582 0 9999 0
5.6209916 0 9999 0
5.6750581 0 9999 0
5.7320979 0 9999 0
5.7871167 0 9999 0
5.841147 0 9999 0
5.8941853 0 9999 0
5.9662418 0 9999 0
6.0232768 0 9999 0
6.0773147 0 9999 0
6.1323602 0 9999 0
6.1863928 0 9999 0
6.2414316 0 9999 0
6.2974763 0 9999 0
6.3795301 0 9999 0
6.4325667 0 9999 0
6.4846027 0 9999 0
6.5366401 0 9999 0
6.5996971 0 9999 0
6.6537306 0 9999 0
6.7087632 0 9999 0
6.7828443 0 9999 0
6.836859 0 9999 0
6.890921 0 9999 0
6.9459327 0 9999 0
6.9999737 0 9999 0
7.0550094 0 9999 0
7.1090777 0 9999 0
7.1630857 0 9999 0
7.217129 0 9999 0
7.2711624 0 9999 0
7.3252048 0 9999 0
7.3862488 0 9999 0
7.441285 0 9999 0
7.4963221 0 9999 0
7.5503604 0 9999 0
7.6054006 0 9999 0
7.6594452 0 9999 0
7.7134765 0 9999 0
7.7675255 0 9999 0
7.8215567 0 9999 0
7.876596 0 9999 0
7.9306545 0 9999 0
8.0026815 0 9999 0
8.0577222 0 9999 0
8.1117592 0 9999 0
8.1718023 0 9999 0
8.2258397 0 9999 0
8.2809098 0 9999 0
8.3349214 0 9999 0
8.4159787 0 9999 0
8.4700135 0 9999 0
8.5250524 0 9999 0
8.5790961 0 9999 0
8.6481431 0 9999 0
8.7021819 0 9999 0
8.7572185 0 9999 0
8.8172603 0 9999 0
8.8713062 0 9999 0
8.925341 0 9999 0
8.9823773 0 9999 0
9.0364156 0 9999 0
9.0914545 0 9999 0
9.1454928 0 9999 0
9.2155497 0 9999 0
9.2695814 0 9999 0
9.32363 0 9999 0
9.3846687 0 9999 0
9.4387075 0 9999 0
9.4947455 0 9999 0
9.5487829 0 9999 0
9.6908803 0 9999 0
9.7459191 0 9999 0
9.7999584 0 9999 0
9.8550003 0 9999 0
9.9080346 0 9999 0
9.963102 0 9999 0
10.0271198 0 9999 0
10.0821578 0 9999 0
10.1362279 0 9999 0
10.1902461 0 9999 0
10.2582833 0 9999 0
10.3103189 0 9999 0
10.3623572 0 9999 0
10.4163951 0 9999 0
10.4714438 0 9999 0
10.5254727 0 9999 0
10.579516 0 9999 0
10.6405551 0 9999 0
10.7166122 0 9999 0
10.7706537 0 9999 0
10.8416986 0 9999 0
10.8977424 0 9999 0
10.9517959 0 9999 0
11.0068245 0 9999 0
11.0618567 0 9999 0
11.1158973 0 9999 0
11.1719326 0 9999 0
11.2429819 0 9999 0
11.3110579 0 9999 0
11.3660695 0 9999 0
11.4201088 0 9999 0
11.4801581 0 9999 0
11.5341893 0 9999 0
11.5872263 0 9999 0
11.6402628 0 9999 0
11.6943025 0 9999 0
11.7483404 0 9999 0
11.8013832 0 9999 0
11.8554167 0 9999 0
11.909468 0 9999 0
11.9935156 0 9999 0
12.0905914 0 9999 0
12.1536297 0 9999 0
12.2096682 0 9999 0
12.2847217 0 9999 0
12.3387667 0 9999 0
12.3968294 0 9999 0
12.4748567 0 9999 0
12.5298995 0 9999 0
12.5849402 0 9999 0
12.6389741 0 9999 0
12.6940125 0 9999 0
12.7480557 0 9999 0
12.8010936 0 9999 0
12.891154 0 9999 0
12.9452222 0 9999 0
13.0002352 0 9999 0
13.0552696 0 9999 0
13.1093129 0 9999 0
13.1643459 0 9999 0
13.2283981 0 9999 0
13.2844312 0 9999 0
13.3614977 0 9999 0
13.4966108 0 9999 0
13.5516273 0 9999 0
13.6066604 0 9999 0
13.6617278 0 9999 0
13.7157675 0 9999 0
13.7717774 0 9999 0
13.8258157 0 9999 0
13.8928939 0 9999 0
13.9479033 0 9999 0
14.0019448 0 9999 0
14.0569814 0 9999 0
14.112051 0 9999 0
14.1670631 0 9999 0
14.2211033 0 9999 0
14.2981591 0 9999 0
14.3521934 0 9999 0
14.4072287 0 9999 0
14.4622694 0 9999 0
14.5173176 0 9999 0
14.5713461 0 9999 0
14.6253836 0 9999 0
14.6794492 0 9999 0
14.7344666 0 9999 0
14.7895005 0 9999 0
14.8445443 0 9999 0
14.9205943 0 9999 0
14.9766323 0 9999 0
15.030672 0 9999 0
15.0837282 0 9999 0
15.1377933 0 9999 0
15.1918303 0 9999 0
15.2438668 0 9999 0
15.3009111 0 9999 0
15.353945 0 9999 0
15.4069828 0 9999 0
15.459022 0 9999 0
15.5120568 0 9999 0
15.5650973 0 9999 0
15.619133 0 9999 0
15.6731727 0 9999 0
15.7442283 0 9999 0
15.7982671 0 9999 0
15.8523568 0 9999 0
15.9224074 0 9999 0
15.977477 0 9999 0
16.0314882 0 9999 0
16.0855265 0 9999 0
16.1395609 0 9999 0
16.1936046 0 9999 0
16.247643 0 9999 0
16.3016867 0 9999 0
16.3567153 0 9999 0
16.4107576 0 9999 0
16.4647956 0 9999 0
16.5288375 0 9999 0
16.5829039 0 9999 0
16.6369146 0 9999 0
16.6909525 0 9999 0
16.7429877 0 9999 0
16.7950251 0 9999 0
16.8490679 0 9999 0
16.9031094 0 9999 0
16.9581688 0 9999 0
17.0131844 0 9999 0
17.0682505 0 9999 0
17.1452983 0 9999 0
17.2003416 0 9999 0
17.2543755 0 9999 0
17.3084183 0 9999 0
17.3634532 0 9999 0
17.4164906 0 9999 0
17.4715303 0 9999 0
17.5446105 0 9999 0
17.6186341 0 9999 0
17.672676 0 9999 0
17.7397493 0 9999 0
17.7937591 0 9999 0
17.8478019 0 9999 0
17.9018349 0 9999 0
17.9568742 0 9999 0
18.0109126 0 9999 0
18.0649603 0 9999 0
18.118996 0 9999 0
18.1740295 0 9999 0
18.2280665 0 9999 0
18.2811044 0 9999 0
18.3701732 0 9999 0
18.4242062 0 9999 0
18.478249 0 9999 0
18.5332874 0 9999 0
18.5873227 0 9999 0
18.6413601 0 9999 0
18.6954289 0 9999 0
18.761449 0 9999 0
18.8164842 0 9999 0
18.8705235 0 9999 0
18.9245904 0 9999 0
18.9916124 0 9999 0
19.0456704 0 9999 0
19.0996976 0 9999 0
19.1687343 0 9999 0
19.2237736 0 9999 0
19.2778169 0 9999 0
19.3328557 0 9999 0
19.3888915 0 9999 0
19.4469559 0 9999 0
19.5019711 0 9999 0
19.5570113 0 9999 0
19.6160517 0 9999 0
19.7041146 0 9999 0
19.7581525 0 9999 0
19.8172246 0 9999 0
19.8712371 0 9999 0
19.9252723 0 9999 0
19.99433 0 9999 0
20.048359 0 9999 0
20.1034081 0 9999 0
20.1584438 0 9999 0
20.2124934 0 9999 0
20.2665188 0 9999 0
20.320558 0 9999 0
20.417637 0 9999 0
20.4726607 0 9999 0
20.5256977 0 9999 0
20.5917637 0 9999 0
20.6437989 0 9999 0
20.6968551 0 9999 0
20.7518587 0 9999 0
20.8068993 0 9999 0
20.8619373 0 9999 0
20.9169877 0 9999 0
20.9720208 0 9999 0
21.028069 0 9999 0
21.0841258 0 9999 0
21.1411357 0 9999 0
21.2111908 0 9999 0
21.2662421 0 9999 0
21.3202635 0 9999 0
21.3743001 0 9999 0
21.428346 0 9999 0
21.4823817 0 9999 0
21.5364156 0 9999 0
21.639489 0 9999 0
21.6945283 0 9999 0
21.7576023 0 9999 0
21.8156132 0 9999 0
21.8676497 0 9999 0
21.9326987 0 9999 0
21.9867349 0 9999 0
22.0407947 0 9999 0
22.0948362 0 9999 0
22.14885 0 9999 0
22.2188997 0 9999 0
22.2739394 0 9999 0
22.3289778 0 9999 0
22.3870204 0 9999 0
22.4470934 0 9999 0
22.5021045 0 9999 0
22.5571447 0 9999 0
22.6281967 0 9999 0
22.6832601 0 9999 0
22.7463042 0 9999 0
22.8003127 0 9999 0
22.8553716 0 9999 0
22.9334074 0 9999 0
22.9884462 0 9999 0
23.0464874 0 9999 0
23.1005258 0 9999 0
23.1545695 0 9999 0
23.2196101 0 9999 0
23.2796813 0 9999 0
23.3346987 0 9999 0
23.398738 0 9999 0
23.4537777 0 9999 0
23.5208295 0 9999 0
23.5808949 0 9999 0
23.6599232 0 9999 0
23.714962 0 9999 0
23.7760109 0 9999 0
23.8480634 0 9999 0
23.9040978 0 9999 0
23.9591648 0 9999 0
24.0131795 0 9999 0
24.0672406 0 9999 0
24.1222558 0 9999 0
24.1772942 0 9999 0
24.2303281 0 9999 0
24.2853723 0 9999 0
24.3394067 0 9999 0
24.3934437 0 9999 0
24.4584901 0 9999 0
24.5135316 0 9999 0
24.5675677 0 9999 0
24.6236075 0 9999 0
24.6786745 0 9999 0
24.7336915 0 9999 0
24.7877298 0 9999 0
24.8727851 0 9999 0
24.9268359 0 9999 0
24.9848638 0 9999 0
25.0389026 0 9999 0
25.094941 0 9999 0
25.1489798 0 9999 0
25.2030209 0 9999 0
25.2850764 0 9999 0
25.3411225 0 9999 0
25.396156 0 9999 0
25.4782423 0 9999 0
25.5322517 0 9999 0
25.5882933 0 9999 0
25.6423307 0 9999 0
25.6943663 0 9999 0
25.7484226 0 9999 0
25.8014453 0 9999 0
25.8744951 0 9999 0
25.9285424 0 9999 0
25.988577 0 9999 0
26.0456244 0 9999 0
26.1006655 0 9999 0
26.1546945 0 9999 0
26.2097329 0 9999 0
26.3048006 0 9999 0
26.3608417 0 9999 0
26.4158908 0 9999 0
26.4869375 0 9999 0
26.542975 0 9999 0
26.5970116 0 9999 0
26.6520518 0 9999 0
26.7060924 0 9999 0
26.7751349 0 9999 0
26.8291769 0 9999 0
26.9172363 0 9999 0
26.9702728 0 9999 0
27.0223089 0 9999 0
27.0793692 0 9999 0
27.1344054 0 9999 0
27.187433 0 9999 0
27.2414664 0 9999 0
27.301514 0 9999 0
27.3575573 0 9999 0
27.4125908 0 9999 0
27.4696284 0 9999 0
27.522665 0 9999 0
27.5867135 0 9999 0
27.6417506 0 9999 0
27.7218347 0 9999 0
27.7758449 0 9999 0
27.8308878 0 9999 0
27.8839257 0 9999 0
27.9409624 0 9999 0
27.9960012 0 9999 0
28.0500396 0 9999 0
28.1140904 0 9999 0
28.1701262 0 9999 0
28.2291772 0 9999 0
28.2832085 0 9999 0
28.337249 0 9999 0
28.3992944 0 9999 0
28.4543333 0 9999 0
28.5153768 0 9999 0
28.5704148 0 9999 0
28.6244558 0 9999 0
28.6794867 0 9999 0
28.7335308 0 9999 0
28.7905715 0 9999 0
28.8466104 0 9999 0
28.9326702 0 9999 0
28.9867099 0 9999 0
29.0417492 0 9999 0
29.0967863 0 9999 0
29.1508206 0 9999 0
29.2068608 0 9999 0
29.2608996 0 9999 0
29.3389546 0 9999 0
29.3979963 0 9999 0
29.4540437 0 9999 0
29.5230871 0 9999 0
29.5831279 0 9999 0
29.6381704 0 9999 0
29.6922092 0 9999 0
29.7492758 0 9999 0
29.8022846 0 9999 0
29.8563226 0 9999 0
29.9113668 0 9999 0
29.967407 0 9999 0
30.0224405 0 9999 0
30.0805089 0 9999 0
30.1375269 0 9999 0
30.1915599 0 9999 0
30.2476032 0 9999 0
30.3056422 0 9999 0
30.3726905 0 9999 0
30.4267306 0 9999 0
30.480765 0 9999 0
30.5448104 0 9999 0
30.5998551 0 9999 0
30.654889 0 9999 0
30.7099297 0 9999 0
30.7629653 0 9999 0
30.8150018 0 9999 0
30.8690406 0 9999 0
30.9240804 0 9999 0
30.9791228 0 9999 0
31.0361635 0 9999 0
31.0901983 0 9999 0
31.160248 0 9999 0
31.2152869 0 9999 0
31.270332 0 9999 0
31.3253646 0 9999 0
