0.038061 0.58 0 0
0.088287 0.585 0 0
0.138381 0.59 0 0
0.1888083 0.595 0 0
0.2390362 0.6 0 0
0.2892221 0.605 0 0
0.3402603 0.61 0 0
0.3906752 0.615 0 0
0.440866 0.62 0 0
0.4910523 0.625 0 0
0.5413315 0.63 0 0
0.5915308 0.635 0 0
0.6416649 0.64 0 0
0.6919481 0.645 0 0
0.7424504 0.65 0 0
0.792664 0.655 0 0
0.8428089 0.66 0 0
0.8936405 0.665 0 0
0.943958 0.67 0 0
0.9940319 0.675 0 0
1.044196 0.68 0 0
1.0953154 0.685000000000001 0 0
1.1455509 0.690000000000001 0 0
1.1965976 0.695000000000001 0 0
1.2467616 0.700000000000001 0 0
1.2978512 0.705000000000001 0 0
1.3481098 0.710000000000001 0 0
1.3984434 0.715000000000001 0 0
1.4494772 0.720000000000001 0 0
1.5005373 0.725000000000001 0 0
1.5507326 0.730000000000001 0 0
1.6008681 0.735000000000001 0 0
1.651851 0.740000000000001 0 0
1.7020458 0.745000000000001 0 0
1.7523803 0.750000000000001 0 0
1.8033878 0.755000000000001 0 0
1.8535514 0.760000000000001 0 0
1.9045334 0.765000000000001 0 0
1.9546818 0.770000000000001 0 0
2.0050127 0.775000000000001 0 0
2.0553464 0.780000000000001 0 0
2.1056331 0.785000000000001 0 0
2.1557338 0.790000000000001 0 0
2.2058193 0.795000000000001 0 0
2.2560887 0.800000000000001 0 0
2.3070832 0.805000000000001 0 0
2.3581187 0.810000000000001 0 0
2.4091556 0.815000000000001 0 0
2.459259 0.820000000000001 0 0
2.5094141 0.825000000000001 0 0
2.560492 0.830000000000001 0 0
2.6106543 0.835000000000001 0 0
2.6609852 0.840000000000001 0 0
2.7113952 0.845000000000001 0 0
2.761586 0.850000000000001 0 0
2.8117299 0.855000000000001 0 0
2.8619163 0.860000000000001 0 0
2.9123347 0.865000000000001 0 0
2.962513 0.870000000000001 0 0
3.013599 0.875000000000001 0 0
3.0637055 0.880000000000001 0 0
3.1144603 0.885000000000001 0 0
3.1655062 0.890000000000001 0 0
3.2157657 0.895000000000001 0 0
3.2667682 0.900000000000001 0 0
3.3177815 0.905000000000001 0 0
3.3688175 0.910000000000001 0 0
3.4198544 0.915000000000001 0 0
3.4707333 0.920000000000001 0 0
3.5211906 0.925000000000001 0 0
3.5718285 0.930000000000001 0 0
3.6220715 0.935000000000001 0 0
3.6722856 0.940000000000001 0 0
3.7231868 0.945000000000001 0 0
3.77342 0.950000000000001 0 0
3.8242369 0.955000000000001 0 0
3.8749905 0.960000000000001 0 0
3.925333 0.965000000000001 0 0
3.9754497 0.970000000000001 0 0
4.0256432 0.975000000000001 0 0
4.0757751 0.980000000000001 0 0
4.1259164 0.985000000000001 0 0
4.1761581 0.990000000000001 0 0
4.2265225 0.995000000000001 0 0
4.276637 1 0 0
4.3276422 1.005 0 0
4.3780941 1.01 0 0
