0.0040211 1261 -261
0.0560424 1261 -261
0.1090821 1261 -261
0.2111523 1261 -261
0.2842031 1261 -261
0.338241 1261 -261
0.4022963 1261 -261
0.4573262 1261 -261
0.5634019 1259 -259
0.6174399 1259 -259
0.676482 1259 -259
0.7485331 1259 -259
0.8235844 1259 -259
0.8756214 1259 -259
0.9276592 1255 -255
0.9816971 1255 -255
1.0347363 1255 -255
1.0877871 1255 -255
1.1398089 1255 -255
1.1928486 1255 -255
1.2448855 1261 -261
1.3029267 1261 -261
1.3559905 1261 -261
1.4150344 1261 -261
1.4690754 1261 -261
1.5751481 1261 -261
1.6291891 1261 -261
1.6822417 1261 -261
1.7493061 1261 -261
1.8133475 1257 -257
1.8693877 1257 -257
1.9554479 1257 -257
2.0174929 1257 -257
2.0781018 1257 -257
2.1615282 1257 -257
2.2335789 1257 -257
2.346659 1257 -257
2.4027082 1257 -257
2.4587435 1257 -257
2.5147788 1257 -257
2.610847 1257 -257
2.6818981 1257 -257
2.7359351 1257 -257
2.7909784 1257 -257
2.8460503 1257 -257
2.9241053 1261 -261
2.9781401 1261 -261
3.0441901 1261 -261
3.1202414 1261 -261
3.1922952 1261 -261
3.2803631 1261 -261
3.3383958 1261 -261
3.4224604 1260 -260
3.4774952 1260 -260
3.5775658 1260 -260
3.6726389 1260 -260
3.7416828 1260 -260
3.8067346 1260 -260
3.8787804 1260 -260
4.0268922 1260 -260
4.0959361 1260 -260
4.1890006 1260 -260
4.2820696 1260 -260
4.3381107 1260 -260
4.465202 1258 -258
4.5202351 1258 -258
4.5752735 1258 -258
4.6323512 1258 -258
4.6913876 1258 -258
4.8194839 1254 -254
4.9325876 1254 -254
4.9906319 1254 -254
5.0476744 1254 -254
5.1097167 1254 -254
5.2098105 1254 -254
5.3018642 1254 -254
5.381909 1254 -254
5.4379452 1254 -254
5.5380439 1254 -254
5.5940565 1254 -254
5.6490949 1254 -254
5.7031359 1254 -254
5.763175 1254 -254
5.8202483 1254 -254
5.9403335 1257 -257
5.9923682 1257 -257
6.0454066 1257 -257
6.1064492 1257 -257
6.1584866 1257 -257
6.2145277 1257 -257
6.3356202 1259 -259
6.3936542 1259 -259
6.450695 1259 -259
6.5668296 1259 -259
6.6228649 1259 -259
6.7079219 1259 -259
6.7609594 1259 -259
6.8180001 1259 -259
6.874068 1259 -259
7.0121397 1262 -262
7.0661763 1262 -262
7.1462349 1262 -262
7.2012719 1262 -262
7.2563121 1262 -262
7.3323684 1262 -262
7.3864058 1262 -262
7.4404451 1262 -262
7.5625291 1262 -262
7.6195729 1262 -262
7.7336517 1262 -262
7.7887178 1262 -262
7.8447308 1262 -262
7.9808265 1261 -261
8.0368667 1261 -261
8.1729629 1261 -261
8.2280017 1261 -261
8.3510902 1254 -254
8.4041321 1254 -254
8.4581767 1254 -254
8.5252121 1254 -254
8.5792544 1254 -254
8.6332888 1254 -254
8.6873289 1254 -254
8.7623851 1254 -254
8.8214264 1263 -263
8.8754638 1263 -263
8.9745308 1263 -263
9.0315724 1263 -263
9.0886127 1263 -263
9.2097261 1263 -263
9.2657387 1263 -263
9.4148443 1254 -254
9.5049105 1254 -254
9.5589493 1254 -254
9.6139859 1254 -254
9.7600887 1254 -254
9.8161303 1254 -254
9.8741987 1263 -263
10.0162724 1263 -263
10.0723162 1263 -263
10.128356 1263 -263
10.2394596 1263 -263
10.3005179 1263 -263
10.4476279 1258 -258
10.519679 1258 -258
10.6287513 1258 -258
10.7018016 1258 -258
10.7818594 1261 -261
10.8389001 1261 -261
10.8949484 1261 -261
11.0080467 1261 -261
11.119099 1261 -261
11.1761384 1261 -261
11.2291754 1261 -261
11.2902185 1262 -262
11.3422559 1262 -262
11.3953214 1262 -262
11.4494307 1262 -262
11.5235279 1262 -262
11.6606505 1262 -262
11.8207383 1254 -254
11.914805 1254 -254
12.0098719 1254 -254
12.1089424 1254 -254
12.1629808 1254 -254
12.2170522 1254 -254
12.310118 1254 -254
