0.0080035 266 734
0.0610529 266 734
0.1241367 264 736
0.177159 264 736
0.2302067 264 736
0.3032476 264 736
0.3752979 264 736
0.4293586 264 736
0.4833983 264 736
0.5784664 264 736
0.6315016 265 735
0.6845654 265 735
0.7526155 265 735
0.8056649 265 735
0.8597345 265 735
0.912776 265 735
1.024852 265 735
1.0778894 265 735
1.1359311 265 735
1.189969 265 735
1.2440091 265 735
1.3120574 265 735
1.4041299 265 735
1.4781749 265 735
1.5352219 265 735
1.6563023 265 735
1.7263538 373 627
1.7803881 373 627
1.8374306 373 627
1.8984804 373 627
2.0135838 373 627
2.0685963 373 627
2.1276907 373 627
2.2427623 586 414
2.2978047 586 414
2.3578456 586 414
2.4138831 586 414
2.4769509 586 414
2.5459765 586 414
2.6090246 741 259
2.6630826 741 259
2.7201349 741 259
2.8412202 741 259
2.8962653 741 259
3.0033428 741 259
3.0773883 741 259
3.1334548 741 259
3.24951 920 80
3.3065516 920 80
3.4296383 920 80
3.5197027 920 80
3.6167719 920 80
3.6738179 920 80
3.7298524 1077 -77
3.8549883 1077 -77
3.9270381 1077 -77
4.0301124 1077 -77
4.1111719 1077 -77
4.1662116 1077 -77
4.2212505 1077 -77
4.2772872 1077 -77
4.3333551 1077 -77
4.3903721 1077 -77
4.4454119 1077 -77
4.5014534 1077 -77
4.5574874 1077 -77
4.6415489 1079 -79
4.6956417 1079 -79
4.7516694 1079 -79
4.8297244 1079 -79
4.9067798 1079 -79
4.9748285 1079 -79
5.0388735 1082 -82
5.1229332 1077 -77
5.2129963 1077 -77
5.3050621 1077 -77
5.3831166 1077 -77
5.4381581 1077 -77
5.5132098 1077 -77
5.5702505 1077 -77
5.671323 1075 -75
5.7834012 1075 -75
5.8374775 1075 -75
5.8915154 1075 -75
5.946552 1075 -75
6.0015918 1075 -75
6.0586325 1075 -75
6.1276813 1080 -80
6.1887235 1080 -80
6.2427614 1080 -80
6.2957984 1080 -80
6.3478376 1080 -80
6.4028773 1080 -80
6.4659214 1080 -80
6.6140248 1082 -82
