0.0430317 4163 -3163
0.0991103 4163 -3163
0.1551514 4163 -3163
0.217195 4161 -3161
0.2832682 4161 -3161
0.3382808 4161 -3161
0.4123373 4161 -3161
0.4653716 4161 -3161
0.5194131 4161 -3161
0.5914603 4161 -3161
0.6465054 4161 -3161
0.7025402 4160 -3160
0.7865995 4160 -3160
0.8406628 4160 -3160
0.9166914 4160 -3160
0.9957482 4160 -3160
1.0537903 4160 -3160
1.1098292 4160 -3160
1.1758756 4162 -3162
1.2449302 4162 -3162
1.3089962 4162 -3162
1.363014 4162 -3162
1.445066 4162 -3162
1.510166 4162 -3162
1.5632605 4162 -3162
1.6172971 4162 -3162
1.670335 4162 -3162
1.7243921 4168 -3168
1.7834427 4168 -3168
1.8375386 4168 -3168
1.889547 4168 -3168
1.9505884 4168 -3168
2.007659 4168 -3168
2.0777145 4168 -3168
2.1457566 4168 -3168
2.228814 3993 -2993
2.2808531 3993 -2993
2.333912 3993 -2993
2.3999915 3993 -2993
2.4530539 3993 -2993
2.5551531 3993 -2993
2.6221724 3993 -2993
2.6842151 3993 -2993
2.8163905 3596 -2596
2.8724299 3596 -2596
2.9324765 3596 -2596
2.9905128 3596 -2596
3.0455521 3596 -2596
3.1015937 3596 -2596
3.2176814 3596 -2596
3.2747159 3596 -2596
3.3697912 3596 -2596
3.4278279 3596 -2596
3.5138859 3248 -2248
3.5839642 3248 -2248
3.6409768 3248 -2248
3.7990926 3068 -2068
3.8861582 3068 -2068
3.995227 3068 -2068
4.0642762 3068 -2068
4.2043757 2768 -1768
4.2594145 2768 -1768
4.3134738 2768 -1768
4.3684922 2768 -1768
4.4285348 2768 -1768
4.4825754 2768 -1768
4.5386455 2768 -1768
4.6016771 2768 -1768
4.6597259 2768 -1768
4.7357728 2496 -1496
4.8008187 2496 -1496
4.8558571 2496 -1496
4.9098937 2496 -1496
4.9669567 2496 -1496
5.0309834 2496 -1496
5.0840191 2496 -1496
5.139078 2496 -1496
5.1930959 2496 -1496
5.2551399 2229 -1229
5.3091827 2229 -1229
5.3832509 2229 -1229
5.4383041 2229 -1229
5.4953439 2229 -1229
5.5513908 2229 -1229
5.6494542 2229 -1229
5.7074963 2229 -1229
5.8065655 2229 -1229
5.901635 1905 -905
6.0157137 1905 -905
6.0707544 1905 -905
6.1267937 1905 -905
6.2668932 1761 -761
6.3249321 1761 -761
6.4130081 1761 -761
6.4680357 1761 -761
6.5250832 1761 -761
6.6681774 1550 -550
6.7332519 1550 -550
6.8433309 1550 -550
6.8993417 1550 -550
6.9573838 1550 -550
7.0234289 1550 -550
7.0774691 1550 -550
7.1505185 1326 -326
7.2486113 1326 -326
7.3026274 1326 -326
7.3616686 1326 -326
7.4327188 1326 -326
7.4857571 1326 -326
7.5398004 1326 -326
7.6598825 1326 -326
7.7179224 1326 -326
7.848021 1071 -71
7.9060569 1071 -71
8.0441544 1071 -71
8.0971923 911 89
8.1512334 911 89
8.2322871 911 89
8.3263709 911 89
8.4014078 911 89
8.4594562 911 89
8.5154951 911 89
8.5725336 911 89
8.6946158 911 89
8.7506596 911 89
8.8667389 861 139
8.9237836 861 139
8.9918328 861 139
9.09893 861 139
9.155944 861 139
9.2120096 861 139
9.3280849 860 140
9.4321637 860 140
9.4902285 860 140
9.5712591 860 140
9.6433535 860 140
9.6993938 860 140
9.7904595 860 140
9.8445086 864 136
9.9035704 864 136
9.9786328 864 136
10.0597285 864 136
10.1147638 864 136
10.2258424 861 139
10.3038983 861 139
10.3649418 861 139
10.4429959 861 139
10.4970369 861 139
10.5510936 861 139
10.6791921 861 139
10.7362052 861 139
10.7982546 866 134
10.9083546 866 134
10.9673753 866 134
11.0464303 866 134
11.1414927 866 134
11.2015411 866 134
11.2736578 866 134
11.3397061 866 134
