0.0440313 0 9999 0
0.0971343 0 9999 0
0.1522048 0 9999 0
0.2062378 0 9999 0
0.2612771 0 9999 0
0.3203179 0 9999 0
0.3813673 0 9999 0
0.4354012 0 9999 0
0.490444 0 9999 0
0.5444779 0 9999 0
0.6025241 0 9999 0
0.6575625 0 9999 0
0.7126009 0 9999 0
0.7676536 0 9999 0
0.821704 0 9999 0
0.8767143 0 9999 0
0.9317803 0 9999 0
0.9857906 0 9999 0
1.0398294 0 9999 0
1.0968692 0 9999 0
1.1519085 0 9999 0
1.2049508 0 9999 0
1.2599915 0 9999 0
1.3220302 0 9999 0
1.3750667 0 9999 0
1.4281041 0 9999 0
1.4801402 0 9999 0
1.5331861 0 9999 0
1.5862155 0 9999 0
1.6392538 0 9999 0
1.694294 0 9999 0
1.7483386 0 9999 0
1.8023698 0 9999 0
1.8564198 0 9999 0
1.9124489 0 9999 0
1.9674917 0 9999 0
2.0205314 0 9999 0
2.07563 0 9999 0
2.1306698 0 9999 0
2.1937143 0 9999 0
2.2477469 0 9999 0
2.3058033 0 9999 0
2.3598555 0 9999 0
2.424876 0 9999 0
2.4789112 0 9999 0
2.5309468 0 9999 0
2.5829833 0 9999 0
2.6370235 0 9999 0
2.6920628 0 9999 0
2.7471065 0 9999 0
2.8071509 0 9999 0
2.8611888 0 9999 0
2.9192251 0 9999 0
2.9732698 0 9999 0
3.0283287 0 9999 0
3.0823671 0 9999 0
3.1363827 0 9999 0
3.191422 0 9999 0
3.2464604 0 9999 0
3.3005072 0 9999 0
3.3545326 0 9999 0
3.4135806 0 9999 0
3.4676439 0 9999 0
3.5216564 0 9999 0
3.5766979 0 9999 0
3.6317381 0 9999 0
3.7388135 0 9999 0
3.8058586 0 9999 0
3.8779044 0 9999 0
3.9629677 0 9999 0
4.0170025 0 9999 0
4.1270815 0 9999 0
4.1821239 0 9999 0
4.2361641 0 9999 0
4.2922016 0 9999 0
4.3462413 0 9999 0
4.3992739 0 9999 0
4.4543167 0 9999 0
4.5093591 0 9999 0
4.5644194 0 9999 0
4.6184332 0 9999 0
4.6724725 0 9999 0
4.7275082 0 9999 0
4.7875781 0 9999 0
4.847593 0 9999 0
4.9016341 0 9999 0
4.9556697 0 9999 0
5.0097112 0 9999 0
5.0637496 0 9999 0
5.1187907 0 9999 0
5.1728299 0 9999 0
5.2278621 0 9999 0
5.2879087 0 9999 0
5.3429436 0 9999 0
5.3979864 0 9999 0
5.4510248 0 9999 0
5.5090972 0 9999 0
5.5641606 0 9999 0
5.648218 0 9999 0
5.7032346 0 9999 0
5.7582685 0 9999 0
5.8133355 0 9999 0
5.8673466 0 9999 0
5.921385 0 9999 0
5.9764296 0 9999 0
6.0304618 0 9999 0
6.0855042 0 9999 0
6.1385429 0 9999 0
6.1976096 0 9999 0
6.2516217 0 9999 0
6.3066583 0 9999 0
6.3617007 0 9999 0
6.418737 0 9999 0
6.4727758 0 9999 0
6.5268132 0 9999 0
6.5798511 0 9999 0
6.6318872 0 9999 0
6.6869287 0 9999 0
6.7389647 0 9999 0
6.7940313 0 9999 0
6.8490482 0 9999 0
6.9151179 0 9999 0
6.9681268 0 9999 0
7.02217 0 9999 0
7.0772205 0 9999 0
7.1322442 0 9999 0
7.1912863 0 9999 0
7.2463251 0 9999 0
7.3013671 0 9999 0
7.3674176 0 9999 0
7.4214528 0 9999 0
7.4774886 0 9999 0
7.5325274 0 9999 0
7.6265951 0 9999 0
7.6806317 0 9999 0
7.7356705 0 9999 0
7.7887102 0 9999 0
7.8417472 0 9999 0
7.895836 0 9999 0
7.9498748 0 9999 0
8.005915 0 9999 0
8.0609485 0 9999 0
8.1159918 0 9999 0
8.1700561 0 9999 0
8.2240909 0 9999 0
8.2791083 0 9999 0
8.3341578 0 9999 0
8.3871797 0 9999 0
8.4422181 0 9999 0
8.5062716 0 9999 0
8.5613042 0 9999 0
8.6153702 0 9999 0
8.669384 0 9999 0
8.7244242 0 9999 0
8.8025028 0 9999 0
8.857514 0 9999 0
8.9295647 0 9999 0
8.9846031 0 9999 0
9.0386415 0 9999 0
9.0976872 0 9999 0
9.1527287 0 9999 0
9.2057639 0 9999 0
9.2608059 0 9999 0
9.3198471 0 9999 0
9.3818903 0 9999 0
9.4359545 0 9999 0
9.4899692 0 9999 0
9.5440014 0 9999 0
9.5980437 0 9999 0
9.6530808 0 9999 0
9.7061231 0 9999 0
9.7611803 0 9999 0
9.8152227 0 9999 0
9.8692637 0 9999 0
9.9243021 0 9999 0
9.9783351 0 9999 0
10.033374 0 9999 0
10.0964194 0 9999 0
10.1514658 0 9999 0
10.2054957 0 9999 0
10.2595381 0 9999 0
10.3136028 0 9999 0
10.3676215 0 9999 0
10.4216492 0 9999 0
10.4756929 0 9999 0
10.5367347 0 9999 0
10.6017775 0 9999 0
10.6558158 0 9999 0
10.7118565 0 9999 0
10.7668985 0 9999 0
10.8379514 0 9999 0
10.8929844 0 9999 0
10.9620332 0 9999 0
11.0170774 0 9999 0
11.0711105 0 9999 0
11.1261497 0 9999 0
11.206207 0 9999 0
11.2602445 0 9999 0
11.3152838 0 9999 0
11.3693262 0 9999 0
11.4223649 0 9999 0
11.4773989 0 9999 0
11.5314377 0 9999 0
11.5915196 0 9999 0
11.6455481 0 9999 0
11.6985851 0 9999 0
11.750623 0 9999 0
11.803672 0 9999 0
11.855708 0 9999 0
11.9217464 0 9999 0
11.976784 0 9999 0
12.0308214 0 9999 0
12.0858665 0 9999 0
12.1389263 0 9999 0
12.1939406 0 9999 0
12.2479816 0 9999 0
12.3020173 0 9999 0
12.3561056 0 9999 0
12.4111159 0 9999 0
12.4631511 0 9999 0
12.5151889 0 9999 0
