0.0430025 0 0 0
0.0930053 0 0 0
0.1430082 0 0 0
0.1930111 0 0 0
0.2430139 0 0 0
0.2930168 0 0 0
0.3430196 0 0 0
0.3930225 0 0 0
0.4430254 0 0 0
0.4930282 0 0 0
0.5430311 0 0 0
0.5930339 0 0 0
0.6430368 0 0 0
0.6930397 0 0 0
0.7430425 0 0 0
0.7930454 0 0 0
0.8430482 0 0 0
0.8930511 0 0 0
0.943054 0 0 0
0.9930568 0 0 0
1.0430597 0 0 0
1.0930625 0 0 0
1.1430654 0 0 0
1.1930683 0 0 0
1.2430711 0 0 0
1.293074 0 0 0
1.3430768 0 0 0
1.3930797 0 0 0
1.4430826 0 0 0
1.4930854 0 0 0
1.5430883 0 0 0
1.5930911 0 0 0
1.643094 0 0 0
1.6930969 0 0 0
1.7430997 0 0 0
1.7931026 0 0 0
1.8431054 0 0 0
1.8931083 0 0 0
1.9431112 0 0 0
1.993114 0 0 0
2.0431169 0 0 0
2.0931197 0 0 0
2.1431226 0 0 0
2.1931255 0 0 0
