0 -0.00788727031583902 -0.00459448662343381 0 15 1 244
0.01 -0.0083824574719691 -0.00488858318774996 0 16 1 243
0.02 -0.00888746220705893 -0.00519473994098242 0 16 1 243
0.03 -0.0094014294506369 -0.00551300736718543 0 16 1 243
0.04 -0.00992595852697134 -0.0058434107083861 0 14 1 244
0.0500001 -0.0104638759577005 -0.00618596258559801 0 14 1 244
0.0600001 -0.0110155815738916 -0.0065386424498238 0 15 3 243
0.0700001 -0.011580261861326 -0.00690044002656479 0 15 1 243
0.0800001 -0.0121575100628944 -0.00727287703807579 0 15 1 243
0.1200002 -0.0127481362297943 -0.00765671434548417 0 14 1 244
0.1400002 -0.0133535588173765 -0.00805131894960159 0 14 2 242
0.1700002 -0.0139734736235643 -0.00845536092108179 0 15 2 242
0.1800002 -0.0146077285473193 -0.00886817529525164 0 14 2 242
0.1900003 -0.0152572609678745 -0.00928841616002251 0 14 3 243
0.2000003 -0.0159215261450943 -0.00971439712959803 0 15 3 244
0.2100003 -0.0166002517089108 -0.0101462884408321 0 14 2 243
0.2200003 -0.0172943149040422 -0.0105851886419036 0 14 2 243
0.2300003 -0.0180041543528475 -0.0110316470069022 0 14 2 243
0.2400003 -0.0187299893665064 -0.0114849247431205 0 14 3 242
0.2500003 -0.0194719296006086 -0.0119436390244528 0 14 3 242
0.2600004 -0.0202290164531969 -0.0124091252973504 0 15 1 242
0.2700004 -0.0210007706232926 -0.0128830647147909 0 14 2 245
0.2800004 -0.0217859390306546 -0.0133652844235111 0 16 2 241
0.3100004 -0.0225818682756579 -0.0138556979968795 0 16 2 241
0.3500005 -0.0233882450882422 -0.0143542622215803 0 15 2 242
0.3600005 -0.0242059262631294 -0.0148609554909554 0 15 2 243
0.3700005 -0.0250373670571845 -0.0153757670016761 0 13 2 244
0.3800005 -0.0258837950988402 -0.0158997047818298 0 15 1 242
0.3900005 -0.0267437973428085 -0.0164332728454603 0 15 2 243
0.4000006 -0.0276166672664456 -0.0169757097698376 0 15 2 243
0.4100006 -0.0285020516084294 -0.0175266348435965 0 15 2 244
0.4200006 -0.0294007871678511 -0.0180858577110544 0 14 2 243
0.4300006 -0.0303143057740082 -0.0186532831943702 0 14 2 243
0.4400006 -0.0312433233415496 -0.0192288637046231 0 14 2 243
0.4500006 -0.0321881978277996 -0.0198125754473529 0 14 2 242
0.4600006 -0.0331480947816684 -0.0204044065253293 0 15 2 243
0.4900007 -0.0341225969776111 -0.0210043509899374 0 14 2 242
0.5200007 -0.0351125092326072 -0.0216124058668695 0 14 2 243
0.5300007 -0.0361182339551466 -0.0222275562392199 0 14 3 243
0.5400007 -0.0371389589197221 -0.0228492946485356 0 15 2 243
0.5500008 -0.03817427801358 -0.0234773673655901 0 14 3 243
0.5600008 -0.0392250016100958 -0.0241106340960182 0 14 3 243
0.5700008 -0.040291534895957 -0.0247485246926372 0 14 3 243
0.5800008 -0.0413740804645074 -0.0253907540818558 0 14 3 243
0.5900008 -0.042472739612419 -0.0260381931566304 0 14 2 242
0.6100008 -0.0435865495582756 -0.0266933042229433 0 15 1 242
0.6200009 -0.0447140154816172 -0.0273573184337857 0 15 2 243
0.6300009 -0.0458543899722135 -0.0280298379359011 0 15 2 243
0.6400009 -0.0470083127547018 -0.0287106638026613 0 14 2 243
0.6500009 -0.0481771171211526 -0.0293996965707521 0 14 2 243
0.6600009 -0.0493614697176011 -0.0300968865085166 0 14 2 243
0.6700009 -0.0505606904373129 -0.0308032221798781 0 15 1 244
0.6800009 -0.0517734257971689 -0.0315202112965506 0 15 1 244
0.700001 -0.0529989990556092 -0.032248607714391 0 15 1 242
0.710001 -0.0542370718418542 -0.0329877749315757 0 15 2 242
0.730001 -0.0554874749705139 -0.0337363812674407 0 15 2 242
0.750001 -0.0567501238488933 -0.0344937608816543 0 15 2 244
0.7600011 -0.0580259896103971 -0.0352605942838023 0 14 1 241
0.7700011 -0.0593165712514795 -0.0360382351584301 0 14 1 241
0.7800011 -0.0606226182703679 -0.0368273603478101 0 14 1 241
0.8000011 -0.0619434919864236 -0.0376272948433265 0 15 2 242
0.8100011 -0.0632778596295754 -0.0384366877109195 0 15 2 244
0.8200011 -0.0646250548147877 -0.0392548634835589 0 15 2 244
0.8300012 -0.0659847443495426 -0.0400814844277299 0 15 2 245
0.8400012 -0.0673577750673333 -0.0409163816766749 0 14 2 242
0.8500012 -0.0687445703849063 -0.0417584573672631 0 15 3 243
0.8600012 -0.0701443285808829 -0.042606149138177 0 15 3 243
0.9100013 -0.0715576622243258 -0.04345968923851 0 14 2 242
0.9200013 -0.0729858910295183 -0.0443212206523129 0 14 1 243
0.9300013 -0.0744296748536021 -0.045192828301363 0 14 1 243
0.9400013 -0.0758893436251482 -0.0460745412167972 0 14 2 244
0.9600013 -0.0773640488786898 -0.0469663739141837 0 15 1 243
0.9700014 -0.0788533663814937 -0.0478683336513068 0 14 2 243
0.9800014 -0.0803580974469452 -0.0487783971975542 0 14 3 243
0.9900014 -0.0818786427317371 -0.049694539507868 0 14 3 242
1.0000014 -0.0834152025642157 -0.0506167614894712 0 14 2 243
1.0100014 -0.0849678771085541 -0.0515460770257273 0 14 2 243
1.0200014 -0.0865367164468391 -0.0524829930583182 0 14 2 243
1.0500015 -0.0881217456201138 -0.0534267496283327 0 14 3 243
1.0600015 -0.0897229771488999 -0.054375953326563 0 14 3 243
1.0900015 -0.0913404172934582 -0.0553309208781576 0 14 2 243
1.2000017 -0.0929740691839192 -0.0562928240754424 0 14 2 243
1.2300017 -0.094623934385348 -0.0572622488145807 0 14 2 242
1.2500017 -0.0962900136802773 -0.058239488043654 0 14 2 242
1.2600018 -0.0979723074599734 -0.059224688236703 0 14 2 242
1.2700018 -0.0996708159200694 -0.0602179226307482 0 14 2 242
1.2800018 -0.101385539158382 -0.0612192278442997 0 14 2 242
1.3500019 -0.103116477223819 -0.0622286221866127 0 14 2 242
1.3800019 -0.104863630140835 -0.0632461148123146 0 14 2 243
1.3900019 -0.106624971062153 -0.0642717102987193 0 16 2 242
1.400002 -0.10839745970463 -0.0653054109344836 0 16 2 242
1.410002 -0.110180589356447 -0.066346204434184 0 15 3 242
1.420002 -0.111947757488141 -0.067385477217092 0 42 10 233
1.430002 -0.113658300231674 -0.0684118284845791 0 42 10 233
1.440002 -0.115289858793523 -0.0694296921348515 0 44 0 239
1.450002 -0.116829226917423 -0.0704514194145332 0 44 0 239
1.460002 -0.118276895483505 -0.0714801456576798 0 37 3 248
1.4800021 -0.119640203940099 -0.0725143982420631 0 37 3 248
1.4900021 -0.120906607135339 -0.0735514139970646 0 53 5 230
1.5300021 -0.122039429600727 -0.0745898113373753 0 67 3 241
1.5600022 -0.123024387321025 -0.0756349800488529 0 49 -1 228
1.5700022 -0.123882714321669 -0.0766886015946744 0 39 4 268
1.5900022 -0.124635161912901 -0.0777464495576678 0 39 4 268
1.6000022 -0.125281971452318 -0.0788074241589992 0 49 3 251
1.6100022 -0.125810089031944 -0.0798486800547062 0 52 26 249
1.6200023 -0.126209947408534 -0.0808354856885101 0 52 26 249
1.6300023 -0.126486897257986 -0.0817768244558253 0 42 0 176
1.6400023 -0.126647667637257 -0.0826913760708879 0 48 12 207
1.6500023 -0.126689542496315 -0.0835763192337911 0 48 12 207
1.6600023 -0.126614204099397 -0.0844515253193749 0 45 -9 273
1.6700023 -0.12642553386788 -0.0853482120398527 0 45 -9 273
1.6900024 -0.126131553090965 -0.0862819882513313 0 39 -9 284
1.7200024 -0.125742352991763 -0.087260658381864 0 39 -9 284
1.7400024 -0.125280207487617 -0.088281030637213 0 22 -2 221
1.7500024 -0.124765374404966 -0.0893171868062098 0 30 15 218
1.7600025 -0.124199875219012 -0.0903389394774851 0 30 15 218
1.7700025 -0.123588774386365 -0.0913403158131227 0 26 6 259
1.8000025 -0.122941698143596 -0.0923061682371399 0 23 27 245
1.8100025 -0.12225940588998 -0.0932329766805534 0 30 2 183
1.8200025 -0.121535183316891 -0.0941443168526734 0 30 2 183
1.8300026 -0.120765673270016 -0.0950519766081549 0 30 2 183
1.8400026 -0.119949197172198 -0.0959618498743254 0 30 2 183
1.8500026 -0.119086942594363 -0.0968383732842701 0 28 40 275
1.8600026 -0.118181530181479 -0.0976252548239532 0 28 40 275
1.8700026 -0.117242377694045 -0.098344006544208 0 20 -9 207
1.8800026 -0.116282301450328 -0.0990550425283024 0 20 -9 207
1.8900026 -0.115307709609462 -0.0997885698178702 0 20 -9 207
1.9000027 -0.114321806251012 -0.100559691933728 0 20 -9 207
1.9300027 -0.113318085976746 -0.101387108363558 0 28 -20 322
1.9500027 -0.112277081211513 -0.102266994264424 0 36 4 150
1.9600027 -0.111219461060302 -0.103161967173534 0 -2 15 206
1.9700028 -0.110169748092135 -0.104069550735527 0 22 -12 271
1.9800028 -0.109115881277472 -0.105015869376028 0 22 -12 271
1.9900028 -0.108051830101546 -0.106013985307849 0 22 -12 271
2.0000028 -0.106974579306971 -0.107070429637395 0 22 -12 271
2.0100028 -0.105891742132825 -0.108179347050103 0 13 -3 302
2.0200028 -0.1048101654879 -0.109332742739927 0 19 -7 301
2.0300028 -0.103727192248082 -0.110530673022856 0 19 -7 301
2.0400028 -0.102651628148834 -0.111719454280023 0 9 46 314
2.0500029 -0.101587876057888 -0.112842855239185 0 19 22 191
2.0600029 -0.100525976252085 -0.113939646627857 0 21 -20 231
2.1000029 -0.0994528414318274 -0.115065697280871 0 27 -14 307
2.1100029 -0.0983690219555831 -0.116239820747873 0 14 -11 259
2.130003 -0.0972879675893618 -0.117468383514433 0 14 -11 259
2.140003 -0.0962164032161685 -0.118754568823332 0 14 -11 259
2.170003 -0.0951566778477536 -0.120075645981914 0 15 13 192
2.180003 -0.0941302345850338 -0.121353363280213 0 -6 55 318
2.1900031 -0.0931407009702028 -0.12256480973928 0 22 -3 221
2.2000031 -0.0921615147412997 -0.12375730879526 0 22 -3 221
2.2100031 -0.0911793947673441 -0.124954522166225 0 22 -3 221
2.2200031 -0.0901877004828456 -0.126168280711212 0 22 -3 221
2.2300031 -0.0891932459025798 -0.12741058043825 0 12 -9 252
2.2400031 -0.0882308543562485 -0.128654989599291 0 -9 29 298
2.2500031 -0.0873250315169672 -0.129873090874025 0 5 6 204
2.2600032 -0.0864738422047646 -0.131073984486599 0 5 6 204
2.2700032 -0.0856540233751095 -0.132273368276358 0 27 -5 178
2.2800032 -0.0848316480511911 -0.133490238890245 0 27 -5 178
2.3100032 -0.0840191422074137 -0.134717879775701 0 -2 11 301
2.3400033 -0.0832429874260209 -0.135953946086198 0 7 -6 262
2.3500033 -0.082511357349374 -0.137151661059628 0 3 56 269
2.3600033 -0.0818323925176622 -0.13822480367031 0 3 56 269
2.3800033 -0.0812101632009798 -0.139130263405403 0 3 56 269
2.3900033 -0.0806578522616469 -0.139865740173776 0 -8 37 353
2.4000034 -0.080145567659749 -0.14051217173978 0 39 -25 255
2.4100034 -0.0796107321769819 -0.141172859630221 0 39 -25 255
2.4200034 -0.0790473929479951 -0.141848783120895 0 14 25 274
2.4300034 -0.0784758824244107 -0.142742104370365 0 16 -224 286
2.4400034 -0.0779043399725359 -0.144206248466174 0 16 -224 286
2.4500034 -0.0773388621350282 -0.146200040555401 0 14 -9 264
2.4600034 -0.0767845240427207 -0.148485005814891 0 14 -9 264
2.4800035 -0.0762306886742529 -0.150938866543809 0 27 -6 262
2.5000035 -0.0756720375189446 -0.153430557238847 0 14 60 214
2.5400035 -0.0751038844619516 -0.155927988330167 0 29 -39 225
2.5500036 -0.0745056447103146 -0.158487068545249 0 32 -11 220
2.5600036 -0.0738639855782978 -0.161107376214773 0 32 -11 220
2.5700036 -0.0731722407230331 -0.163788700504081 0 32 -11 220
2.5800036 -0.0724372112706074 -0.166532962855346 0 22 -13 258
2.5900036 -0.0716724320815847 -0.169343150849161 0 22 -13 258
2.6000036 -0.0708846705862468 -0.17222075827582 0 22 -13 258
2.6200037 -0.070077310499735 -0.175166532030472 0 22 -13 258
2.6300037 -0.0692621779771402 -0.178167670973914 0 12 0 246
2.6400037 -0.0684482263852643 -0.181195479081998 0 19 9 192
2.6500037 -0.0676328383992437 -0.184226487474883 0 19 9 192
2.6600037 -0.0668147053566466 -0.187248961712648 0 19 9 192
2.6700037 -0.0659739177609679 -0.190247913707564 0 38 18 200
2.6800037 -0.0650944402854426 -0.193253346316592 0 25 -28 229
2.7000038 -0.064181429853465 -0.196326878736808 0 25 -28 229
2.7100038 -0.0632364514969804 -0.199486145979974 0 26 -15 191
2.7400038 -0.0622653548807216 -0.202683213485855 0 20 28 327
2.7600039 -0.0612771454155674 -0.205850536494993 0 20 28 327
2.7700039 -0.0602874735342299 -0.209005014115265 0 9 -22 241
2.7800039 -0.0592909898662885 -0.212200700239451 0 33 -17 213
2.7900039 -0.058260697412483 -0.21545955466518 0 33 -17 213
2.8000039 -0.0571830976731836 -0.218792557291268 0 33 -17 213
2.8100039 -0.0560514413985752 -0.222205198067121 0 33 -17 213
2.8200039 -0.0548623539637504 -0.225700221967445 0 33 -17 213
2.830004 -0.0536141480562553 -0.22927900147959 0 33 -17 213
2.840004 -0.0523059800198631 -0.232942222847233 0 33 -17 213
2.850004 -0.0509374280264604 -0.236690229192211 0 33 -17 213
2.860004 -0.0494971334347178 -0.240479614596106 0 44 26 230
2.870004 -0.0479794169239704 -0.244249152339375 0 33 22 85
2.890004 -0.0463905597016546 -0.247999645384563 0 35 -5 183
2.9000041 -0.0447235680739677 -0.251748723518728 0 43 5 85
2.9100041 -0.0429739317642565 -0.255498107627132 0 36 2 154
2.9800042 -0.0411515567912191 -0.259202040383814 0 31 51 284
2.9900042 -0.0392806513294938 -0.262863992299345 0 17 -24 344
3.0000042 -0.0373996686399534 -0.266544477554631 0 5 -7 272
3.0100042 -0.0355399965100593 -0.27025652493434 0 5 -7 272
3.0200042 -0.0336808453624676 -0.273930641599401 0 41 68 373
3.0300042 -0.0317753369374321 -0.277456073898874 0 41 68 373
3.0400042 -0.0298567841711953 -0.280879801412247 0 -15 -33 479
3.0500043 -0.0279985955979943 -0.284327670334222 0 -15 -33 479
3.0800043 -0.0262374754849475 -0.287862603762152 0 -15 -33 479
3.1000043 -0.0245684670813167 -0.291513022955456 0 8 -30 278
3.1100043 -0.0229688234166913 -0.295288071395083 0 5 -28 451
3.1200044 -0.0214302112951225 -0.299190293962004 0 5 -28 451
3.1400044 -0.0199484641186355 -0.303220963096705 0 5 -28 451
3.1500044 -0.0184941359849375 -0.307345244978104 0 32 7 165
3.1900045 -0.0170251413395761 -0.311510252654341 0 32 7 165
3.2000045 -0.0155467865788789 -0.315704744095766 0 6 -8 492
3.2100045 -0.0140637517605138 -0.319944380312346 0 30 -14 133
3.2200045 -0.0125540545992651 -0.324243072387578 0 30 -14 133
3.2300045 -0.011006703952525 -0.32860777586321 0 30 -14 133
3.2400045 -0.00943647284403103 -0.332981162724993 0 10 46 285
3.2600046 -0.00787101638069313 -0.337273763180678 0 10 46 285
3.2700046 -0.00631098752918946 -0.341476312375463 0 23 11 331
3.2800046 -0.00476076649186738 -0.345673359700128 0 6 -42 124
3.2900046 -0.00323977167568568 -0.349960891626923 0 6 -42 124
3.3100046 -0.00175771228412375 -0.354386901391974 0 6 -42 124
3.3200046 -0.000290053456111381 -0.358900391811689 0 35 32 155
3.3500047 0.00120486170169646 -0.363400870492621 0 35 32 155
3.3600047 0.00272151246241856 -0.367907004461187 0 9 -36 119
3.3700047 0.00424396387583746 -0.372457516693403 0 22 3 245
3.3800047 0.0057774230536213 -0.377032244916949 0 22 3 245
3.3900047 0.00732449355160412 -0.381621107995665 0 22 3 245
3.4000048 0.00888647714770297 -0.386219065361468 0 22 3 245
3.4100048 0.0104315949788103 -0.390810422143544 0 -10 16 380
3.4200048 0.011911527861306 -0.395374156319706 0 -10 16 380
3.4300048 0.0133021162033804 -0.399899756878861 0 -10 16 380
3.4400048 0.0145912802091283 -0.404381968315463 0 -10 16 380
3.4500048 0.0157354830797709 -0.408872888083351 0 -47 -38 127
3.4700049 0.0166754595150921 -0.413453290116056 0 -47 -38 127
3.4900049 0.0174413692203561 -0.418109849603482 0 12 15 359
3.5100049 0.0181242992795996 -0.422776111785212 0 28 21 299
3.5200049 0.0187525649290561 -0.427414795562027 0 -5 19 352
3.5300049 0.0193271492000653 -0.432031582698369 0 15 -3 294
3.550005 0.0198637450545782 -0.436654649820259 0 10 -6 352
3.560005 0.0203833735603471 -0.441301125529964 0 28 -6 281
3.570005 0.0209147869867852 -0.445979574128618 0 28 -6 281
3.580005 0.0214541197330621 -0.450698331485796 0 10 -10 117
3.600005 0.0219811972632254 -0.455465619255295 0 10 -10 117
3.610005 0.0224768114415301 -0.460266293098722 0 1 9 246
3.6200051 0.0229222373323354 -0.465073525681592 0 1 9 246
3.6300051 0.0233293944926141 -0.469890118212697 0 22 -7 151
3.6400051 0.0237295784446543 -0.474708350428662 0 26 18 471
3.6500051 0.0241191817843107 -0.479537536784579 0 3 -20 153
3.6600051 0.0244730919252133 -0.48442084483857 0 3 -20 153
3.6700051 0.0248051017477307 -0.489364656923417 0 29 -5 8
3.6900052 0.0251454165763448 -0.494599172469973 0 26 -244 262
3.7100052 0.0254969779162717 -0.500229356896143 0 17 5 279
3.7200052 0.0258328804870616 -0.50607663092741 0 -2 -16 120
3.7300052 0.0261204164832003 -0.512072986951308 0 -2 -16 120
3.7500052 0.0263442454316829 -0.518203676326894 0 -1 -35 176
3.7600053 0.0264977105257589 -0.524480579898984 0 -1 -35 176
3.7800053 0.0265936982380862 -0.53086200689164 0 15 12 221
3.7900053 0.0266508129620184 -0.537270359850779 0 11 21 169
3.8000053 0.0266743031752242 -0.543657719181587 0 11 21 169
3.8100053 0.0266667931165378 -0.550000125086661 0 11 21 169
3.8200053 0.0266275680458723 -0.556069737130107 0 9 234 253
3.8300054 0.0265542437336801 -0.561536774556789 0 9 234 253
3.8400054 0.0264456280651873 -0.566236346989138 0 9 234 253
3.8500054 0.0262889638259822 -0.570333286097875 0 -3 -10 120
3.8600054 0.0260657112518342 -0.574157284577863 0 -3 -10 120
3.8700054 0.025766600460628 -0.577873188776534 0 -3 -10 120
3.8900054 0.0253869965113058 -0.581563421867606 0 -3 -10 120
3.9000055 0.024924581933339 -0.585269195437935 0 -3 -10 120
3.9100055 0.024378197991463 -0.589011115280951 0 -3 -10 120
3.9200055 0.0237472653180457 -0.592799484293368 0 -3 -10 120
3.9300055 0.0230426419565436 -0.596625265907014 0 8 4 197
3.9600055 0.0223092806890157 -0.600485968697309 0 36 -12 336
3.9800056 0.0215787787742601 -0.604370212654439 0 17 14 181
3.9900056 0.0208476796763864 -0.608245958599947 0 17 14 181
4.0100056 0.020107161119185 -0.612092119795841 0 10 19 437
4.0200056 0.0193609194025679 -0.615906260311143 0 25 6 374
4.0300056 0.0186260041227717 -0.619700336767142 0 25 6 374
4.0400056 0.0178906714828736 -0.623474246895967 0 5 12 222
4.0500057 0.0171287809893708 -0.627221858985174 0 5 12 222
4.0600057 0.0163465175608012 -0.630911731145479 0 24 40 412
4.0700057 0.0155439333671776 -0.634528142432244 0 2 12 88
4.0800057 0.0146987590389608 -0.638091608406204 0 2 12 88
4.0900057 0.0137998598913814 -0.64161238684773 0 2 12 88
4.1000057 0.0128416685820545 -0.645095606647005 0 2 12 88
4.1100057 0.0118214014397877 -0.648543832249122 0 2 12 88
4.1200058 0.0107376666289849 -0.651958345876627 0 2 12 88
4.1300058 0.00958976823184796 -0.655339788640793 0 2 12 88
4.1600058 0.00837735828947784 -0.658688481097256 0 2 12 88
4.1900059 0.00710634340093741 -0.661971140342016 0 8 45 358
4.2000059 0.00583237521286554 -0.665200514385884 0 54 -17 487
4.2100059 0.00462989731717671 -0.668445809878892 0 54 -17 487
4.2200059 0.00350775547677032 -0.671685891509694 0 26 38 322
4.2300059 0.00244199654003819 -0.674854452986252 0 26 38 322
4.2400059 0.00140037533613494 -0.677989281245192 0 6 -32 187
4.260006 0.000346500684596542 -0.681180209837472 0 6 -32 187
4.270006 -0.000692218665966047 -0.684412363183199 0 51 27 319
4.290006 -0.00165647400240436 -0.687618511137054 0 51 27 319
4.300006 -0.00252370497640865 -0.69076098490737 0 44 31 12
4.310006 -0.00331404773613806 -0.69382905753633 0 20 19 283
4.320006 -0.00406189266972177 -0.696829526702049 0 20 19 283
4.3300061 -0.00478443497122438 -0.699765791243586 0 20 19 283
4.3900061 -0.00549027223767815 -0.702639550580471 0 20 19 283
4.4000062 -0.00616444810231 -0.705463815579492 0 39 7 162
4.4100062 -0.00676198748090692 -0.708235970806275 0 57 28 272
4.4200062 -0.00724216109582521 -0.71093342651884 0 57 28 272
4.4300062 -0.00758460430824303 -0.713544887846197 0 57 28 272
4.4400062 -0.00780649740205525 -0.716069774501611 0 30 23 89
4.4500062 -0.00794379312251507 -0.718512863490475 0 30 23 89
4.4600062 -0.00805601846208383 -0.720920120794824 0 -11 -20 479
4.4800063 -0.0081780040657525 -0.72330642196766 0 25 31 215
4.4900063 -0.00829068178494221 -0.725627519868127 0 25 31 215
4.5100063 -0.00838451754536351 -0.727861290925799 0 25 31 215
4.5200063 -0.00846994575615267 -0.730034170256288 0 10 -6 295
4.5300063 -0.00857549250617535 -0.732187751450458 0 2 3 358
4.5400063 -0.0087235282778809 -0.734333710435973 0 2 3 358
4.5600064 -0.00870532405629566 -0.73645660315187 0 219 24 254
4.5700064 -0.00842462277194932 -0.738537559840398 0 -6 14 173
4.5900064 -0.00806131758432161 -0.740577279920199 0 -6 14 173
4.6000064 -0.00770535507315238 -0.742576113100595 0 -6 14 173
4.6100064 -0.00740170852831156 -0.744534234236248 0 -6 14 173
4.6200065 -0.00717286459473413 -0.746451730754487 0 -6 14 173
4.6300065 -0.00702803973538343 -0.748336753806996 0 -4 6 160
4.6400065 -0.006969815322237 -0.75020148640763 0 -4 6 160
4.6500065 -0.00701569691731668 -0.7520672215096 0 -20 -9 314
4.6600065 -0.00719065217766644 -0.753959807035792 0 -20 -9 314
4.6700065 -0.00750716493180826 -0.755892166947648 0 -20 -9 314
4.6800065 -0.00796235622623454 -0.757847454341592 0 -11 14 255
4.7000066 -0.00854971943543115 -0.759805084608813 0 -15 3 193
4.7100066 -0.00925890723837656 -0.761761859453167 0 -4 7 77
4.7300066 -0.0100735982472873 -0.763712126007575 0 -4 7 77
4.7500066 -0.0109876586277757 -0.76564393697073 0 -6 16 148
4.7600067 -0.0120000483221521 -0.767542197824208 0 -6 16 148
4.7700067 -0.0131335561858693 -0.769407468746815 0 -29 8 261
4.7900067 -0.014422885530951 -0.771248137265969 0 -29 8 261
4.8000067 -0.0158853880134092 -0.773068397145381 0 -29 8 261
4.8100067 -0.017516564874473 -0.77487743927517 0 -16 1 273
4.8200067 -0.0193182204537653 -0.77669202025742 0 -33 -4 199
4.8300068 -0.0213084852268825 -0.778525585541933 0 -33 -4 199
4.8400068 -0.0235014915803832 -0.780381817564355 0 -38 -1 360
4.8500068 -0.0259093728563071 -0.782259517253252 0 -38 -1 360
4.8600068 -0.028538195725674 -0.784158085072907 0 -38 -1 360
4.8700068 -0.0313909935239939 -0.786077221255462 0 -38 -1 360
4.8900068 -0.0344480008942282 -0.788021843065747 0 -17 -6 460
4.9200069 -0.0376780531330643 -0.78999947628494 0 -17 -6 460
4.9300069 -0.0410716484673584 -0.792007803225114 0 -23 0 262
4.9400069 -0.0445926196882245 -0.794038571034045 0 14 1 248
4.9500069 -0.0481782922821286 -0.796083599566609 0 21 4 242
4.990007 -0.0517902349840393 -0.79813575846099 0 21 4 242
5.000007 -0.0554183530292095 -0.800194522825536 0 12 1 236
5.010007 -0.0590606393245219 -0.802262670503677 0 18 1 247
5.020007 -0.0627100097449054 -0.804341590417128 0 18 1 247
5.040007 -0.0663669759468327 -0.806431977026746 0 14 1 244
5.0500071 -0.0700358474775484 -0.808534177562959 0 14 1 244
5.0600071 -0.0737187791106748 -0.810648365640984 0 14 1 244
5.0700071 -0.0774168482330231 -0.812774628068426 0 14 1 244
5.0900071 -0.0811295801082469 -0.814913008249089 0 15 1 242
5.1100071 -0.0848557239384208 -0.817064541314627 0 15 0 244
5.1200072 -0.0885946543245821 -0.819229744830867 0 15 1 242
5.1300072 -0.0923460585672495 -0.821407864150971 0 15 1 242
5.1400072 -0.0961097803166824 -0.823598521951518 0 15 1 244
5.1800072 -0.0998867548277625 -0.8258015295708 0 14 1 242
5.1900073 -0.103678463157683 -0.82801577924821 0 14 2 243
5.2000073 -0.107484632405287 -0.830240717103444 0 15 1 243
5.2100073 -0.111304112690247 -0.832477079626102 0 15 1 243
5.2200073 -0.115136329072396 -0.834725235060985 0 15 1 243
5.2300073 -0.118980994081652 -0.836985367530492 0 15 1 243
5.2400073 -0.122838977412727 -0.839257569095825 0 14 1 243
5.2500073 -0.126711727342727 -0.841541885787581 0 14 1 243
5.2600074 -0.13060199486971 -0.843838340621063 0 12 1 242
5.2700074 -0.13451318235221 -0.84614694510392 0 12 1 242
5.2900074 -0.138444964109989 -0.848468718419728 0 14 0 244
5.3000074 -0.14239312358392 -0.850804170160277 0 16 1 242
5.3100074 -0.146353525634935 -0.853152541691709 0 16 1 242
5.3200074 -0.150325116123252 -0.855513453697094 0 15 1 243
5.3300075 -0.154308381408733 -0.857886716517968 0 15 1 243
5.3400075 -0.158303564671309 -0.8602722353251 0 15 1 243
5.3500075 -0.162310787500943 -0.862669962703872 0 15 1 243
5.4000076 -0.16633011069262 -0.865079874946977 0 15 1 243
5.4100076 -0.170362578073583 -0.867501960200761 0 14 1 244
5.4200076 -0.174409724987204 -0.869936212538397 0 14 1 243
5.4300076 -0.178472319105172 -0.872382628996471 0 14 1 243
5.4400076 -0.18255074426333 -0.874841208093277 0 14 1 243
5.4500076 -0.186644178949846 -0.877312962517713 0 15 0 242
5.4600076 -0.190752212408807 -0.879798398614228 0 14 1 242
5.4700077 -0.194875652692007 -0.882296756125296 0 14 1 242
5.4800077 -0.199014903825342 -0.884807654922152 0 14 1 242
5.4900077 -0.203170167821762 -0.887330904940415 0 14 1 242
5.5200077 -0.207342559117492 -0.889866411147893 0 13 1 244
5.5300077 -0.211531621500895 -0.892414126028492 0 15 1 243
5.5400077 -0.215735100006645 -0.894974025824163 0 15 1 243
5.5500078 -0.219951867152083 -0.897546098655883 0 15 1 243
5.5800078 -0.224181359195876 -0.90013033858414 0 15 1 243
5.6000078 -0.228423294267359 -0.902726742639177 0 15 1 243
5.6100078 -0.2326775314312 -0.905335309336117 0 15 1 241
5.6200079 -0.236944000219732 -0.907956037932521 0 15 1 241
5.6300079 -0.241222665399122 -0.91058892805717 0 15 1 241
5.6400079 -0.245513509352453 -0.913233979524452 0 15 1 241
5.6600079 -0.249816523271268 -0.915891192241565 0 15 1 241
5.6700079 -0.254131702751336 -0.918560566162105 0 15 1 242
5.6800079 -0.258459045590544 -0.92124210126287 0 15 1 242
5.700008 -0.262798550687834 -0.923935797532261 0 15 1 242
5.710008 -0.267150217492677 -0.92664266839423 0 15 0 242
5.720008 -0.271514045729809 -0.929364233990503 0 15 0 242
5.730008 -0.275890035261599 -0.932100240962194 0 15 1 243
5.740008 -0.280278186019229 -0.934849549200105 0 15 1 243
5.750008 -0.284678497968292 -0.937611588649639 0 15 1 242
5.7600081 -0.289091984521336 -0.940386074283497 0 14 1 243
5.7800081 -0.293520165814387 -0.943172863588029 0 14 1 241
5.8000081 -0.297963801915458 -0.945971885306411 0 14 1 241
5.8100081 -0.302423272858555 -0.94878310381023 0 14 1 243
5.8200081 -0.30689775523093 -0.95160650128528 0 15 1 243
5.8300082 -0.311385823896457 -0.954442068824458 0 15 1 243
5.8400082 -0.315886766287071 -0.957289801974212 0 15 1 243
5.8500082 -0.320400226118742 -0.960149698507767 0 15 1 242
5.8600082 -0.324926025249453 -0.963021757311735 0 15 1 242
5.8700082 -0.329464074608197 -0.965905977829421 0 15 1 242
5.8800082 -0.33401432965947 -0.968802359782479 0 15 1 242
5.8900082 -0.33857676813552 -0.971710903031735 0 15 1 242
5.9100083 -0.343152392332222 -0.974631607507603 0 14 1 243
5.9200083 -0.347742716827268 -0.977563459745537 0 14 2 242
5.9300083 -0.352347485479749 -0.980505953013264 0 15 1 244
5.9500083 -0.356966570219213 -0.983458833944649 0 14 2 241
5.9600083 -0.361598893580681 -0.986422989286374 0 16 0 243
5.9900084 -0.366241889972158 -0.989400889271286 0 16 0 243
6.0000084 -0.370895290027401 -0.992392755586056 0 15 1 242
6.0100084 -0.375559972493039 -0.995397685644268 0 15 1 242
6.0200084 -0.380236376742387 -0.998415228152712 0 15 1 242
6.0300084 -0.384924722462102 -1.00144515746479 0 15 1 242
6.0400084 -0.389625119495514 -1.00448837418694 0 15 0 242
6.0500085 -0.394338636194037 -1.00754431519264 0 14 2 244
6.0600085 -0.399066820163134 -1.01061067205913 0 14 2 244
6.0700085 -0.403810445205534 -1.01368629057502 0 14 2 244
6.0800085 -0.408568884792849 -1.01677160706437 0 15 1 244
6.1000085 -0.413340812231135 -1.01986785311896 0 15 1 244
6.1100085 -0.418125564173418 -1.02297463110494 0 15 2 242
6.1200086 -0.422922808946213 -1.02609174220536 0 15 1 242
6.1300086 -0.427733394142528 -1.02922111387127 0 14 0 242
6.1400086 -0.432558756988619 -1.03236472325795 0 14 0 242
6.1500086 -0.437399616097615 -1.03552254551327 0 14 1 242
6.1600086 -0.442254303916576 -1.03869456821118 0 16 0 243
6.1800086 -0.447119959809527 -1.0418817985684 0 16 0 243
6.1900087 -0.451995153458482 -1.04508474019329 0 16 0 243
6.2000087 -0.456879169704447 -1.04830364489003 0 16 0 243
6.2100087 -0.461771650967926 -1.05153863856072 0 16 0 243
6.2200087 -0.466673431888921 -1.05478775729689 0 15 2 243
6.2400087 -0.471585943217187 -1.05805001914431 0 15 0 242
6.2500087 -0.476509900327602 -1.06132695998538 0 15 0 242
6.2600088 -0.481445660907602 -1.06461934776128 0 15 0 242
6.2700088 -0.48639441723066 -1.06792655301287 0 14 1 244
6.2800088 -0.491357778863263 -1.07124724758082 0 14 1 244
6.2900088 -0.496336550588656 -1.07458076738545 0 14 1 244
6.3000088 -0.50133113479846 -1.07792678038694 0 14 1 244
6.3100088 -0.506341732688486 -1.08128512056537 0 14 1 244
6.3200088 -0.511368444856639 -1.08465570491078 0 14 1 244
6.3300089 -0.516410308172121 -1.0880384919182 0 15 1 242
6.3500089 -0.521465827639779 -1.09143346083513 0 15 1 242
