0.02 0.00175556532018415 -0.00280891073809485 0 19 3 243
0.0300001 0.00183446034604249 -0.00301783553433668 0 18 2 242
0.0400001 0.0019144450490543 -0.00323377520518487 0 18 2 242
0.0500001 0.00199598802039492 -0.00345828946209657 0 19 1 243
0.0600001 0.00208033698540407 -0.00369317159055242 0 19 1 243
0.0700001 0.00216811580675162 -0.00393931823329274 0 19 1 243
0.1100002 0.00225963641577251 -0.00419717771168769 0 19 1 243
0.1400002 0.00235404134838212 -0.00446596075667029 0 18 2 243
0.1600002 0.0024498884427861 -0.00474425930395498 0 18 2 242
0.1800003 0.00254645661808727 -0.00503136932139898 0 18 2 242
0.1900003 0.00264338533383702 -0.00532592536317883 0 18 3 243
0.2000003 0.00274049431981107 -0.00562623127663074 0 18 3 242
0.2100003 0.00283769344089727 -0.00593245241517487 0 18 2 244
0.2200003 0.00293493762953955 -0.00624568488527339 0 18 2 244
0.2300003 0.00303321778171192 -0.00656546331040529 0 19 3 242
0.2400004 0.00313302934540142 -0.00689155500231008 0 18 2 243
0.2500004 0.00323360661484947 -0.00722485704660959 0 18 2 243
0.2600004 0.0033345667371768 -0.00756581798611471 0 18 2 243
0.2700004 0.00343571828594377 -0.00791466209223091 0 18 2 242
0.2900004 0.00353696554793056 -0.00827150150066091 0 18 2 242
0.3000004 0.00363826066652727 -0.00863639227925607 0 18 2 242
0.3100005 0.00373957971342892 -0.00900936246194209 0 18 2 242
0.3200005 0.00384091072448306 -0.00939042606568179 0 18 2 242
0.3300005 0.00394123428786136 -0.00977857666920453 0 17 3 242
0.3500005 0.00403902726789762 -0.0101722976321229 0 17 3 242
0.3600005 0.00413555495626286 -0.0105718440639953 0 19 2 244
0.3700005 0.00423347685829672 -0.010978356949353 0 19 2 244
0.3900006 0.00433412272666902 -0.0113924067804616 0 19 2 244
0.4000006 0.00443815743771468 -0.011814278803454 0 19 2 242
0.4100006 0.00454489999984908 -0.0122441156413964 0 18 2 242
0.4200006 0.00465299648752784 -0.0126819886058222 0 18 2 242
0.4300006 0.0047617699379788 -0.0131269199227458 0 18 3 242
0.4400006 0.00486986844006378 -0.0135784207051746 0 17 2 243
0.4500007 0.00497560260846164 -0.0140372599393641 0 17 2 243
0.4600007 0.00507914118026388 -0.0145038221184424 0 18 2 243
0.4700007 0.00518158195376831 -0.0149782994889733 0 18 2 243
0.4800007 0.00528246039837176 -0.0154597747444866 0 17 3 243
0.5000007 0.00538053081902059 -0.0159467758019954 0 17 3 243
0.5100007 0.00547618379794005 -0.016438566620006 0 18 3 243
0.5200007 0.00557062805599482 -0.0169347791777716 0 18 3 243
0.5300008 0.00566446795361724 -0.0174352294649188 0 18 3 243
0.5500008 0.0057580056710235 -0.0179408389060131 0 18 2 243
0.5700008 0.00585139229832167 -0.0184530816430892 0 18 2 243
0.5800008 0.00594470338056579 -0.0189726947471644 0 18 2 243
0.6000009 0.0060379766902829 -0.0195000467537475 0 18 2 243
0.6100009 0.00613224454348856 -0.0200343085008407 0 19 3 242
0.6200009 0.00622903652794263 -0.0205740519776931 0 19 3 242
0.6300009 0.00632911743752503 -0.0211185631789292 0 19 3 242
0.6400009 0.00643286966917574 -0.0216674851018613 0 19 3 242
0.6500009 0.00653947099161266 -0.0222216526748976 0 18 2 242
0.6600009 0.00664648342969063 -0.0227804699324901 0 17 4 245
0.670001 0.00675268799583705 -0.0233436388918649 0 18 2 241
0.680001 0.0068584886260177 -0.023912023991387 0 18 3 241
0.700001 0.00696408728821546 -0.0244850440204869 0 18 3 241
0.710001 0.00707059839617385 -0.0250634218036319 0 19 2 243
0.720001 0.00717959258651668 -0.0256485321828077 0 19 2 243
0.730001 0.00729084174780379 -0.0262400491492551 0 18 3 241
0.7400011 0.00740321839456305 -0.0268367962688424 0 18 3 241
0.7500011 0.00751615878405839 -0.0274381853245039 0 18 3 244
0.7600011 0.00762836761516969 -0.0280439222077065 0 17 3 243
0.7800011 0.00774021066708898 -0.0286548732939359 0 19 2 243
0.7900011 0.00785389768891639 -0.029272485200687 0 19 2 243
0.8100012 0.007970533555202 -0.0298974812367071 0 19 2 244
0.8200012 0.00808965727346877 -0.0305302230563701 0 18 2 245
0.8300012 0.00821002491772612 -0.0311708914868627 0 18 2 242
0.8400012 0.00833101452497876 -0.0318185635120264 0 18 3 242
0.8500012 0.00845231511372905 -0.0324717641940297 0 18 3 242
0.8600012 0.00857377119322816 -0.0331307694937091 0 18 2 242
0.8700012 0.00869631844785375 -0.0337977442509868 0 19 1 243
0.8800013 0.00882042471979464 -0.034473770885824 0 18 2 244
0.9000013 0.00894531050039319 -0.0351583771784492 0 18 2 244
0.9100013 0.00907159946507263 -0.0358513270189767 0 19 2 243
0.9200013 0.00920061688129665 -0.0365525023524635 0 19 2 243
0.9300013 0.00933201195304502 -0.0372618441514384 0 18 2 242
0.9400013 0.00946459585255557 -0.0379793229021655 0 18 2 242
0.9500014 0.00959777416594721 -0.038704923847777 0 18 2 242
0.9600014 0.00973124968627939 -0.039439653039591 0 18 1 244
0.9700014 0.00986487381008184 -0.0401830000735145 0 18 3 243
0.9900014 0.00999857223561943 -0.0409326828879969 0 18 3 243
1.0000014 0.0101312943822725 -0.0416875604522629 0 17 3 242
1.1900017 0.0102615015299792 -0.0424470622509249 0 17 3 242
1.2300017 0.0103894377484607 -0.0432119164560409 0 18 2 243
1.2600018 0.0105162385023295 -0.0439835005833924 0 18 2 244
1.2700018 0.010642471523892 -0.0447625033908697 0 18 2 244
1.2800018 0.0107684206793014 -0.0455492692574184 0 18 2 244
1.3100019 0.0108952413313862 -0.0463449838022629 0 19 1 242
1.3300019 0.0110235111615609 -0.0471502398350158 0 18 2 241
1.3400019 0.0111514921510284 -0.047964320330731 0 17 2 242
1.3500019 0.0112773018606382 -0.0487868667769358 0 17 2 242
1.3600019 0.0113999990708149 -0.0496176999173935 0 17 2 242
1.400002 0.0115201266015232 -0.050456730123986 0 18 2 244
1.410002 0.0116430230115054 -0.0513049260124062 0 22 1 244
1.420002 0.0117754112991411 -0.0521637853202527 0 22 1 244
1.430002 0.0119155858148598 -0.0530310166270685 0 17 4 241
1.440002 0.0120576265851159 -0.0539044607928731 0 17 2 242
1.4500021 0.0121985736231364 -0.0547850651071804 0 17 2 242
1.4600021 0.0123410006545434 -0.0556722897849951 0 21 3 246
1.4700021 0.0124943019801643 -0.0565658649338199 0 25 2 241
1.4800021 0.012667228469421 -0.0574666690371579 0 25 2 241
1.4900021 0.0128641555570245 -0.0583751413367608 0 25 2 241
1.5300022 0.013096391828099 -0.0592884611642482 0 34 5 248
1.5400022 0.0133756721537189 -0.0602042047556778 0 31 3 251
1.5500022 0.0137048236801653 -0.0611231870885827 0 31 3 251
1.5700022 0.0140893136995868 -0.0620448022219773 0 35 4 240
1.5800022 0.0145561981721074 -0.0629646934663606 0 55 7 251
1.5900022 0.0151392736728306 -0.0638776421877257 0 55 7 251
1.6000023 0.0158554384893078 -0.0647810390690695 0 55 7 251
1.6100023 0.0167131417653151 -0.0656735794518901 0 55 7 251
1.6300023 0.0177247155107567 -0.0665617050152012 0 63 0 230
1.6400023 0.0189003794495932 -0.0674435694497494 0 59 12 241
1.6500023 0.0202239614190115 -0.0683091287331391 0 42 9 274
1.6600023 0.0216701470318198 -0.0691564011434291 0 42 9 274
1.6700024 0.0232262790944223 -0.0699945301171691 0 42 -1 239
1.6800024 0.0248860290100211 -0.0708382216701548 0 42 -1 239
1.6900024 0.0266462324802171 -0.071694828810284 0 42 -1 239
1.7200024 0.028505307355811 -0.0725680280415056 0 42 -1 239
1.7400025 0.0304817177274923 -0.0734525636075297 0 61 6 240
1.7700025 0.0326090179546552 -0.074344794200459 0 66 0 214
1.7900025 0.0349100657955094 -0.0752591140423783 0 67 -10 264
1.8000025 0.0373973035589117 -0.0761702904922635 0 67 32 273
1.8100026 0.0400769523992906 -0.077023143180016 0 67 32 273
1.8200026 0.0429521228938602 -0.0777900819205865 0 67 32 273
1.8300026 0.0460507195047813 -0.0784968353817809 0 93 -7 165
1.8600026 0.0493958153309031 -0.0792038990958491 0 76 -15 144
1.8700026 0.0529665171695838 -0.0799313865313956 0 61 3 374
1.8800027 0.0567402172624778 -0.0806579381004086 0 64 16 213
1.8900027 0.0607086520196687 -0.0813596994221051 0 64 16 213
1.9100027 0.0648514747701649 -0.0818220573556807 0 48 216 180
1.9200027 0.0691331764346692 -0.0819377053307329 0 39 16 226
1.9300027 0.073506613010723 -0.0818708774587549 0 19 1 390
1.9400027 0.0779684810921384 -0.0819408333574766 0 59 -218 76
1.9500028 0.0825576661659039 -0.0825291439514656 0 59 -218 76
1.9600028 0.0873240138680759 -0.0836857279674683 0 89 -79 396
1.9800028 0.0922630575538727 -0.0852480602647259 0 30 -33 67
1.9900028 0.0973127715455314 -0.0870882605042638 0 30 -33 67
2.0000028 0.102442143004171 -0.0891423885165947 0 30 -33 67
2.0100028 0.107658974394647 -0.0912730775227601 0 53 71 288
2.0200028 0.112973247527902 -0.0933417174803883 0 36 36 369
2.0400029 0.118374751863125 -0.0954077089468057 0 38 -56 132
2.0500029 0.123867502997678 -0.0975250745147252 0 45 12 130
2.0600029 0.129455535589748 -0.0996134019267841 0 40 50 511
2.0700029 0.135110464075866 -0.101654780508847 0 15 -10 194
2.0800029 0.140792759930495 -0.103701060708969 0 15 -10 194
2.0900029 0.146483672320619 -0.105842013825559 0 16 -73 330
2.120003 0.152174839259483 -0.108186371582201 0 16 -73 330
2.130003 0.157901603514039 -0.110694250873745 0 55 20 252
2.150003 0.163700891633053 -0.113306186387286 0 35 -34 60
2.1700031 0.169585086312394 -0.115985351458106 0 49 27 238
2.1900031 0.175565446048759 -0.118623137505912 0 40 55 160
2.2100031 0.181624291206198 -0.12118044168684 0 26 12 90
2.2200031 0.187745687958471 -0.123666088612015 0 33 27 323
2.2300031 0.193915588813946 -0.126154417239892 0 20 -57 224
2.2400032 0.200142171473089 -0.128754550562095 0 48 -44 107
2.2500032 0.206450806810925 -0.131422747388485 0 41 40 258
2.2600032 0.212820737083148 -0.134133083404987 0 15 -40 263
2.2700032 0.219215234244053 -0.136953670834725 0 15 -40 263
2.2800032 0.225615934270787 -0.139918565789263 0 15 -40 263
2.2900032 0.231994399986633 -0.143061011200417 0 -4 -56 107
2.3000032 0.238317157637945 -0.146413843410126 0 -4 -56 107
2.3300033 0.244567470347898 -0.14999348058936 0 -4 -56 107
2.3700033 0.250773453149156 -0.153754420046746 0 32 -3 373
2.4000034 0.257001861905156 -0.157581688329158 0 48 35 460
2.4100034 0.263270873101338 -0.161413744991025 0 17 1 160
2.4700035 0.269558158658107 -0.165254276421133 0 17 1 160
2.4800035 0.275821138213351 -0.169024051433707 0 -14 81 410
2.5300036 0.2820071052637 -0.172602380055696 0 -14 81 410
2.5800036 0.288087679697966 -0.176091066060906 0 -16 -79 53
2.6200037 0.294134812989479 -0.179628166294916 0 71 -5 255
2.6300037 0.300186507734409 -0.183217849676384 0 -14 -15 511
2.6500037 0.306168529693651 -0.186891590127448 0 -21 -34 108
2.6600037 0.312036667739387 -0.190684379774468 0 -21 -34 108
2.6800038 0.31776881630771 -0.194613714680622 0 -21 -34 108
2.6900038 0.323399526955508 -0.198612335646096 0 24 41 511
2.7000038 0.328991679800068 -0.202570605839577 0 24 41 511
2.7300038 0.334576714900034 -0.206433706845408 0 24 41 511
2.7400039 0.340159204557455 -0.210219833794605 0 13 -4 135
2.7900039 0.345730287196083 -0.213983688591517 0 13 -4 135
2.810004 0.351275397730273 -0.217672561237907 0 3 75 262
2.830004 0.356777119319682 -0.221180035784243 0 3 75 262
2.840004 0.362231810692899 -0.224533978635923 0 8 -5 154
2.850004 0.367642718362978 -0.227829397375813 0 8 -5 154
2.870004 0.373011465586448 -0.231113795795344 0 8 -5 154
2.9000041 0.378301367090745 -0.234335931988581 0 -29 69 511
2.9100041 0.383551845735455 -0.237474238721563 0 65 -9 148
2.9300041 0.388877875347066 -0.240596979897972 0 65 -9 148
2.9400041 0.394336942838822 -0.243738287469647 0 65 -9 148
2.9500042 0.399970966254122 -0.24695475117284 0 78 -48 230
2.9700042 0.405814079201441 -0.250314189636007 0 78 -48 230
2.9900042 0.411826596418903 -0.253781598950235 0 22 20 330
3.0000042 0.417928882920195 -0.257332383152803 0 19 -41 511
3.0500043 0.424078080922908 -0.261016063477228 0 19 -41 511
3.0700043 0.430231479511041 -0.264746936697292 0 -2 68 -178
3.0800043 0.436394072400148 -0.268442627439555 0 45 -2 184
3.0900043 0.442590651902554 -0.272098431488373 0 20 32 -293
3.1000044 0.448820439587641 -0.275711996735922 0 32 -2 107
3.1100044 0.45508709995911 -0.279366261797713 0 24 -51 511
3.1600044 0.461384357830795 -0.283152354039352 0 24 -51 511
3.1800045 0.467695901022835 -0.287072259664304 0 11 -8 187
3.1900045 0.474000398858525 -0.291083394294962 0 11 -8 187
3.2000045 0.480287185999511 -0.295164465742522 0 11 -8 187
3.2100045 0.486571198371656 -0.299258210143989 0 31 38 182
3.2200045 0.492840648772605 -0.303286337510011 0 -8 41 290
3.2500046 0.499050119840848 -0.307206662556658 0 -8 41 290
3.2600046 0.505218453515465 -0.311022414956015 0 33 17 246
3.2700046 0.511396621385832 -0.314759531858173 0 33 17 246
3.2800046 0.517610109246635 -0.318430981838177 0 33 17 246
3.2900046 0.523871659995218 -0.322043249183552 0 33 17 246
3.3000046 0.530187645080254 -0.325599576038057 0 33 17 246
3.3100047 0.536526793614507 -0.329067126862004 0 -1 51 -71
3.3700047 0.542839013542791 -0.332395027273977 0 -1 51 -71
3.3900048 0.549107366275528 -0.335628780165914 0 7 -19 257
3.4000048 0.555355812269995 -0.338849915909403 0 31 -7 78
3.4100048 0.561568969151527 -0.341985695558007 0 -20 93 511
3.4200048 0.567711783129482 -0.34509906575421 0 4 -105 255
3.4300048 0.573791049622593 -0.348422158910163 0 4 -105 255
3.4400048 0.579810166340222 -0.352071041231941 0 4 -105 255
3.4500049 0.585763738128789 -0.355998349128367 0 -3 -1 186
3.4600049 0.591641973403237 -0.360075004109638 0 -3 -1 186
3.4700049 0.59743997637104 -0.364236466930852 0 -3 -1 186
3.4800049 0.603155299135933 -0.368450467969558 0 -3 -1 186
3.4900049 0.608794825187801 -0.37265121435668 0 5 48 78
3.5000049 0.614370103709603 -0.376756151599828 0 5 48 78
3.5100049 0.619836237805215 -0.380712854725534 0 -45 59 206
3.5200049 0.625171792456327 -0.384558957321445 0 6 -15 44
3.550005 0.630417735071139 -0.388388269983036 0 6 -15 44
3.570005 0.635589482204991 -0.392197026520444 0 1 35 352
3.580005 0.640659272094231 -0.396017800450305 0 -29 -49 59
3.6000051 0.645587888113231 -0.399884106836723 0 -24 18 182
3.6100051 0.650339507073145 -0.403837025525799 0 -45 -73 331
3.6200051 0.654664141966325 -0.407880881564553 0 -253 34 201
3.6300051 0.658226005900518 -0.41190940049302 0 -253 34 201
3.6400051 0.661046716793234 -0.415891740535766 0 -66 12 385
3.6500051 0.663326594966865 -0.419834776259619 0 -66 12 385
3.6600051 0.665206337772689 -0.423743971807495 0 -26 10 356
3.6700052 0.66681304595246 -0.42759976379631 0 -10 34 236
3.6800052 0.66822648475309 -0.431368048220469 0 -10 34 236
3.6900052 0.669490590517041 -0.435301345391226 0 -6 -232 214
3.7000052 0.670605035961 -0.439603949555117 0 -32 -43 432
3.7100052 0.671549388848269 -0.444107422091608 0 -26 35 158
3.7200052 0.67231951363901 -0.448648496169771 0 -26 35 158
3.7500053 0.672913342563307 -0.453153645812158 0 -26 27 145
3.7700053 0.67332072086843 -0.457590161749054 0 -35 31 411
3.7800053 0.673530490599505 -0.462037965172048 0 -32 -68 255
3.7900053 0.673540113068347 -0.466637346222388 0 -32 -68 255
3.8000053 0.673367574096157 -0.471408791912847 0 -13 -19 240
3.8100054 0.673007678577004 -0.47627843108039 0 -46 15 286
3.8200054 0.672424385776106 -0.481174871531931 0 -46 15 286
3.8300054 0.671616903631854 -0.486073564898197 0 -29 4 222
3.8400054 0.670604091278737 -0.490993653316867 0 -27 -16 223
3.8500054 0.669397405143501 -0.495964976451822 0 -27 -16 223
3.8700054 0.668002573439519 -0.501002454135002 0 -27 -16 223
3.8800055 0.666422460273479 -0.506113546282377 0 -27 -16 223
3.8900055 0.664656470839219 -0.51126651281061 0 -29 19 280
3.9000055 0.662702280874155 -0.51641001363671 0 -29 19 280
3.9100055 0.660558728246995 -0.521518378719182 0 -29 19 280
3.9200055 0.658225231892093 -0.526578773037277 0 -29 19 280
3.9300055 0.655701501276625 -0.531584779080622 0 -29 19 280
3.9700056 0.652999552291205 -0.536584873011385 0 -17 -32 221
4.0200056 0.650134513748908 -0.541631668943709 0 -20 -9 234
4.0400057 0.647128138072801 -0.546707896455326 0 -3 11 226
4.0600057 0.644012583499211 -0.551787692029316 0 1 8 235
4.0700057 0.640807982865308 -0.556861164196476 0 1 8 235
4.0800057 0.637524402589679 -0.561923367222205 0 1 8 235
4.0900057 0.634164849022112 -0.566976895387962 0 -1 3 242
4.1000058 0.630728798477998 -0.572028112983237 0 -1 3 242
4.1100058 0.627215989115032 -0.577080202152776 0 -1 3 242
4.1200058 0.623626290012062 -0.58213475396895 0 -1 3 242
4.1600058 0.61995963570851 -0.587192563967946 0 -1 3 242
4.1700059 0.616224100912107 -0.592256056777362 0 7 1 235
4.1800059 0.612432843844483 -0.597326444710995 0 8 3 239
4.1900059 0.608600551054473 -0.602405347355498 0 15 0 247
4.2000059 0.604741659824757 -0.607496614793451 0 15 0 247
4.2100059 0.600863388796676 -0.612602172066147 0 15 0 247
4.2200059 0.596970360720652 -0.617719941404975 0 16 3 242
4.2300059 0.593065900401649 -0.622845843636372 0 16 3 242
4.240006 0.589151670242147 -0.627977839173558 0 16 3 242
4.250006 0.585231541732644 -0.633116935082647 0 19 1 244
4.280006 0.581310490907644 -0.638265661756199 0 19 1 244
4.290006 0.577389992354649 -0.643425284390496 0 18 1 245
4.300006 0.573469769937655 -0.648596435583678 0 18 1 245
4.3100061 0.569549685588662 -0.653779431634814 0 18 1 245
4.3200061 0.565625616554662 -0.658972403833936 0 14 3 242
4.3300061 0.561691447740141 -0.664172390966555 0 14 3 242
4.3400061 0.557744121597343 -0.669377912425426 0 14 3 242
4.3600061 0.553781095922639 -0.674590254766432 0 13 1 243
4.4000062 0.549803126473716 -0.679811074697266 0 16 2 243
4.4200062 0.545812617988924 -0.685042214001526 0 15 0 244
4.4300062 0.541809759407685 -0.690286620430515 0 15 0 244
4.4500063 0.537796672059215 -0.695543741000382 0 17 2 248
4.4600063 0.533776443467624 -0.700812285789447 0 17 1 240
4.4700063 0.529750617394969 -0.706092623266624 0 17 1 240
4.4800063 0.525719965722278 -0.71138493766637 0 17 1 240
4.4900063 0.52168284753056 -0.716689321105913 0 15 1 242
4.5000063 0.517636415500818 -0.722005819643865 0 15 1 242
4.5100063 0.513581272833053 -0.727332429450032 0 17 3 242
4.5300064 0.509517721127271 -0.732667135179562 0 15 2 240
4.5700064 0.505443884323966 -0.738009942589781 0 15 2 240
4.5800064 0.501357810963636 -0.743361867989105 0 14 1 244
4.5900064 0.497257511886777 -0.748724432961495 0 14 1 244
4.6000065 0.493140979083884 -0.754098398298929 0 13 1 241
4.6100065 0.489006195120455 -0.759484144397399 0 13 1 241
4.6200065 0.484852151279236 -0.764881861454898 0 13 1 241
4.6300065 0.480678343201601 -0.77028961771092 0 13 3 243
4.6400065 0.476485532137991 -0.775706447285212 0 14 1 242
4.6600065 0.472276125573128 -0.781133894097152 0 15 1 244
4.6700066 0.468052340679126 -0.786572730106427 0 15 1 242
4.6800066 0.463815286042042 -0.792023341292883 0 15 1 243
4.6900066 0.459565515954905 -0.797485920646442 0 15 1 243
4.7000066 0.455305334423734 -0.802960564662064 0 17 1 244
4.7100066 0.45103792031104 -0.80844732158723 0 17 1 244
4.7200066 0.446764863048082 -0.813946215545681 0 17 1 244
4.7300066 0.442484930490983 -0.819456245169535 0 15 2 244
4.7800067 0.438196493138053 -0.82497690977485 0 16 1 244
4.8100068 0.433892655659936 -0.830508972449409 0 9 1 243
4.8200068 0.429571997251455 -0.836050787877597 0 18 3 240
4.8300068 0.42524596866705 -0.841602546831361 0 21 0 243
4.8400068 0.420923335573194 -0.847167384985928 0 21 0 243
4.8500068 0.416608480803126 -0.852746870178915 0 21 0 243
4.8600068 0.412297515194951 -0.858340772899375 0 15 1 241
4.8700068 0.407982413589211 -0.863947964962084 0 15 1 241
4.8800069 0.403662203695432 -0.869566868844679 0 18 2 243
4.8900069 0.399337412798129 -0.875196695785976 0 16 1 245
4.9000069 0.395006277680056 -0.880837051405385 0 16 2 242
4.9100069 0.39066791673259 -0.886486725082858 0 16 2 242
4.9200069 0.386321889151419 -0.892145111508371 0 16 2 242
4.9300069 0.381967974534387 -0.897811908026913 0 16 2 242
4.9400069 0.377607076110169 -0.903487976740729 0 17 1 244
4.990007 0.373240658922853 -0.909174762130695 0 17 1 244
5.010007 0.368869455494484 -0.914872986437249 0 17 1 242
5.020007 0.364491805226581 -0.920583010780608 0 15 1 242
5.0300071 0.360107891249654 -0.926305015720883 0 18 1 242
5.0400071 0.355719831988463 -0.932038078108375 0 17 2 241
5.0500071 0.351327673225636 -0.937780722938485 0 17 2 241
5.0600071 0.346931437852488 -0.943533226138664 0 17 1 244
5.0700071 0.342531137314673 -0.94929673910239 0 17 1 244
5.0800071 0.33812576390527 -0.95507082409665 0 16 2 243
5.0900071 0.333714813770817 -0.960855262254937 0 17 1 242
5.1000072 0.329299048414334 -0.966650957573749 0 17 1 242
5.1100072 0.32487783515758 -0.972458362051338 0 16 1 240
5.1200072 0.320449844231682 -0.978277701686826 0 16 1 240
5.1500072 0.316015424181957 -0.984108076050025 0 17 2 245
5.1800073 0.311574749281061 -0.989949034925839 0 16 1 242
5.1900073 0.307127906665324 -0.995800353206721 0 17 2 242
5.2000073 0.30267493990291 -1.00166090490915 0 16 2 243
5.2100073 0.298214857348149 -1.00753012704135 0 16 2 243
5.2200073 0.293747163178206 -1.01340773810745 0 16 2 243
5.2300073 0.289271609481665 -1.01929359735951 0 16 2 243
5.2400074 0.284788072302816 -1.02518763442356 0 16 2 243
5.2500074 0.280297503093556 -1.03108981411261 0 17 2 243
5.2600074 0.275801391009588 -1.03700214569267 0 17 0 243
5.2700074 0.271300480628761 -1.04292766065625 0 17 0 243
5.2800074 0.266794130810248 -1.04886584789011 0 16 2 242
5.2900074 0.262281007553884 -1.05481543840786 0 16 1 244
5.3000074 0.257761457289339 -1.06077579771633 0 17 2 243
5.3100075 0.253236666661198 -1.06674559513916 0 17 2 243
5.3200075 0.248707228991756 -1.07272416533817 0 17 2 243
5.3300075 0.244172427512407 -1.07871218907404 0 16 1 243
5.3400075 0.239630890409096 -1.08471102015686 0 16 1 243
5.3800076 0.235081931774796 -1.0907203220619 0 16 2 242
5.3900076 0.230525208655993 -1.09673992652682 0 16 1 243
5.4100076 0.225961563005682 -1.10277076285019 0 17 1 242
5.4200076 0.221392429230114 -1.10881329568129 0 17 1 243
5.4300076 0.216818524532412 -1.11486775734478 0 17 1 243
5.4400076 0.212239194084388 -1.12093426400297 0 16 1 243
5.4500077 0.207653097042194 -1.12701287373702 0 16 1 243
5.4600077 0.203059562983907 -1.13310361558752 0 16 1 243
5.4700077 0.198458256698565 -1.13920650407475 0 16 1 243
5.4800077 0.193850024010439 -1.14532053302911 0 17 2 244
5.4900077 0.189236301261418 -1.15144418593604 0 17 2 244
5.5000077 0.18461577976294 -1.15757771796802 0 15 1 243
5.5100077 0.179987805170726 -1.16372328357079 0 17 0 242
5.5400078 0.17535407717214 -1.16988297339696 0 17 0 242
5.5700078 0.170714432181111 -1.17605580591336 0 16 2 242
5.5800078 0.166067774974853 -1.18223926349387 0 16 2 242
5.5900078 0.161413557941972 -1.18843208732545 0 16 2 242
5.6100079 0.156751507276771 -1.19463364800157 0 16 2 242
5.6200079 0.152082499506154 -1.20084464424872 0 17 1 245
5.6300079 0.147407986323325 -1.2070664388599 0 17 1 245
5.6400079 0.142728693574885 -1.2132997132316 0 17 1 245
5.6500079 0.138042957324632 -1.21954379463233 0 15 2 242
5.6600079 0.133347918744961 -1.22579733326658 0 15 2 242
5.670008 0.128642148422067 -1.23205965423659 0 15 2 242
5.680008 0.12392493164905 -1.2383304200935 0 15 2 242
5.690008 0.119195911072459 -1.24460946211287 0 15 2 242
5.700008 0.114454908015568 -1.25089669593247 0 15 2 242
5.710008 0.109702846569767 -1.25719207937119 0 16 2 242
5.720008 0.104941202210503 -1.26349559133849 0 16 2 243
5.7800081 0.100170712675499 -1.26980722128908 0 16 2 243
5.7900081 0.0953917468336172 -1.27612696395032 0 16 2 242
5.8000081 0.0906044891192877 -1.28245481668591 0 16 2 245
5.8300082 0.0858090317497262 -1.28879077817766 0 16 2 244
5.8400082 0.0810054208335406 -1.29513586119627 0 16 1 242
5.8500082 0.0761936794250345 -1.30149158555681 0 16 1 242
5.8600082 0.07137381905136 -1.30785871116684 0 16 1 243
5.8700082 0.066545845476093 -1.31423761798011 0 16 1 243
5.8900083 0.0617097615810214 -1.32062849597353 0 16 1 243
5.9000083 0.0568645553772873 -1.32703144013552 0 15 1 242
5.9100083 0.0520087074407095 -1.33344649796032 0 15 1 242
5.9200083 0.0471424714889495 -1.33987267976529 0 16 2 241
5.9300083 0.0422669878105902 -1.34630949070909 0 16 1 244
5.9800084 0.0373828265499229 -1.35275769680083 0 16 1 244
5.9900084 0.0324892593493414 -1.35921666761529 0 15 2 243
6.0000084 0.0275849086002903 -1.36568507451012 0 15 2 243
6.0100084 0.022669085498492 -1.37216225316415 0 15 2 243
6.0200084 0.0177414456418077 -1.37864787141679 0 15 2 243
6.0700085 0.012801816829168 -1.38514176318773 0 15 2 243
6.0800085 0.00785213981954242 -1.39164384543684 0 17 2 243
6.0900085 0.00289541185191969 -1.39815407664404 0 17 2 243
6.1000086 -0.00206686845420573 -1.40467243604929 0 17 2 243
6.1100086 -0.00703395178908662 -1.41119891327258 0 17 2 243
6.1200086 -0.0120054634978494 -1.41773451655365 0 17 1 242
6.1600086 -0.0169812162530572 -1.42428076344211 0 17 1 242
6.2100087 -0.0219611163909917 -1.43083841271279 0 17 1 243
6.2200087 -0.0269451170797937 -1.43740784375309 0 17 1 243
6.2300087 -0.0319331949035335 -1.44398924625671 0 17 1 243
6.2400088 -0.0369253381542464 -1.4505827150705 0 17 1 243
6.2500088 -0.041922554407702 -1.4571882976179 0 16 1 244
6.2600088 -0.0469273743112893 -1.46380500418085 0 15 2 243
6.2700088 -0.0519420766184549 -1.47043132647059 0 15 2 243
6.2800088 -0.056967800705922 -1.47706651034273 0 15 2 243
6.2900088 -0.0620051162620522 -1.48371017872509 0 15 2 243
6.3000088 -0.0670532947012744 -1.4903631565113 0 16 1 242
6.3600089 -0.0721109583010507 -1.49702686957797 0 16 1 242
6.400009 -0.0771774182001125 -1.50370203086336 0 16 1 242
6.410009 -0.0822513165380731 -1.51038798340689 0 17 2 244
6.420009 -0.0873309609549873 -1.51708338529849 0 17 2 244
6.430009 -0.0924155052708824 -1.52378756558313 0 17 2 244
6.5000091 -0.0975045263957721 -1.53050120221305 0 17 1 243
6.5100091 -0.102599839644167 -1.53722564759413 0 15 1 244
6.5200091 -0.107704379532828 -1.5439615779293 0 15 1 244
6.5600092 -0.112818599890381 -1.55070933132002 0 16 1 245
